     876     976      16
     883     974      18
     887     968      21
     890     961      23
     891     955      28
     893     948      31
     893     943      37
     891     936      40
     889     929      43
     884     926      46
     878     921      46
     876     914      43
     873     910      37
     877     904      34
     884     904      32
     877     907      34
     872     906      34
     865     903      32
     868     897      28
     874     894      25
     881     897      27
     880     900      32
     882     904      38
     882     900      39
     886     894      42
     888     888      44
     883     887      38
     880     883      44
     873     881      41
     868     882      47
     870     883      51
     870     889      48
     871     894      42
     869     897      40
     873     894      44
     876     894      51
     880     900      54
     872     900      54
     877     904      50
     871     904      45
     877     909      46
     880     908      52
     878     911      59
     871     908      61
     869     901      58
     875     896      58
     875     890      59
     880     884      60
     883     877      58
     888     873      54
     888     871      47
     887     872      40
     887     872      32
     890     873      25
     891     876      18
     889     878      11
     887     876       5
     885     869       2
     885     862       4
     883     859      11
     878     859      17
     878     859      25
     873     859      31
     866     860      34
     864     867      36
     862     872      41
     859     879      43
     861     886      40
     860     892      45
     861     893      51
     860     888      57
     865     891      62
     861     893      68
     866     897      68
     863     899      61
     864     904      55
     861     898      51
     861     899      45
     864     896      40
     864     898      38
     861     904      34
     859     907      36
     861     910      43
     864     916      47
     863     911      47
     859     907      48
     856     901      52
     850     898      48
     851     892      43
     853     895      36
     852     894      35
     849     891      32
     847     888      39
     849     892      45
     850     897      51
     846     896      56
     840     900      54
     840     903      47
     839     900      46
     846     897      45
     852     894      41
     854     887      44
     855     881      48
     852     877      42
     852     877      34
     858     880      30
     861     886      34
     858     893      34
     853     894      32
     860     892      29
     867     889      28
     865     893      24
     869     890      30
     872     887      36
     874     888      41
     872     889      45
     870     893      40
     868     900      43
     865     906      47
     858     904      50
     854     907      56
     849     912      53
     852     912      60
     856     918      57
     855     923      51
     853     920      44
     854     918      41
     849     919      35
     844     925      34
     838     924      30
     832     919      31
     828     916      37
     829     911      38
     833     915      40
     833     912      40
     840     913      40
     843     914      47
     849     911      51
     844     915      51
     843     912      44
     849     908      42
     855     907      37
     854     910      32
     848     906      35
     841     904      32
     835     907      28
     830     904      27
     828     902      20
     834     907      20
     836     909      25
     829     910      23
     829     910      31
     830     907      38
     825     907      42
     827     900      40
     834     898      39
     841     901      37
     848     904      39
     845     902      46
     839     904      50
     835     910      52
     833     917      55
     834     923      50
     832     921      43
     836     918      37
     843     915      35
     849     920      36
     849     928      36
     843     927      41
     845     926      35
     849     931      39
     846     927      45
     849     924      46
     842     922      45
     845     916      41
     843     909      38
     841     902      35
     845     902      30
     848     906      24
     850     909      17
     852     916      14
     855     922      10
     850     923       4
     846     917       1
     840     918       6
     840     915      13
     841     916      19
     842     910      24
     848     905      23
     854     901      20
     856     901      21
     850     906      22
     846     910      27
     847     916      29
     850     916      30
     854     910      33
     860     905      32
     864     908      34
     870     913      35
     868     915      35
     862     920      35
     865     916      35
     860     919      30
     862     915      24
     860     912      23
     855     916      19
     853     920      19
     848     926      20
     845     926      17
     850     927      23
     851     920      25
     845     920      20
     841     919      14
     837     913      11
     837     907       7
     841     910       8
     843     911       6
     842     910       3
     843     906       2
     839     910       0
     835     909       0
     830     909       2
     830     909      10
     836     906      14
     836     900      10
     835     899       7
     841     899       3
     847     900       8
     845     897      15
     840     896      21
     837     895      25
     843     895      20
     850     893      17
     855     894      11
     856     893       6
     855     898       0
     855     906       0
     853     913       0
     848     919       0
     841     922       0
     840     929       0
     835     935       0
     837     942       3
     842     945       8
     846     939      11
     848     932       9
     851     926       5
     854     919       3
     852     912       6
     848     906       9
     850     911      12
     855     917      13
     857     924      15
     858     928      14
     865     925      12
     873     925      12
     872     924      17
     872     924      25
     867     928      29
     873     923      29
     878     925      24
     873     926      18
     867     922      15
     872     924      12
     878     927       8
     880     924       1
     883     919       0
     878     915       0
     872     910       0
     870     903       2
     863     905       5
     862     908      12
     864     910      17
     870     913      20
     878     913      20
     882     918      16
     885     925      18
     885     933      18
     882     938      17
     884     935      24
     879     940      23
     878     937      19
     875     938      26
     869     938      23
     864     935      20
     861     940      16
     863     943      23
     868     948      20
     870     955      19
     870     960      13
     872     957       6
     873     950       3
     873     944       7
     870     937       9
     868     934       6
     861     933       3
     854     934       0
     854     926       0
     857     933       0
     864     931       0
     867     924       0
     863     918       3
     861     915       4
     863     912      11
     869     908      14
     874     905      12
     875     911       7
     882     911       8
     878     908      14
     873     908      16
     869     905      18
     872     909      22
     866     913      23
     870     919      22
     868     925      19
     868     922      12
     867     922       6
     867     917       0
     873     914       4
     872     912      11
     878     916      12
     882     913      11
     880     906       8
     882     901       3
     885     906       0
     889     907       2
     893     913       5
     892     920       8
     895     914      12
     889     910      11
     886     908       9
     885     906      16
     884     912      21
     890     913      26
