     723     750     345
     728     752     349
     728     752     357
     735     752     360
     742     753     360
     748     752     355
     751     751     350
     756     747     354
     749     745     351
     748     738     350
     749     735     349
     752     737     346
     756     735     345
     758     738     343
     760     744     342
     761     750     344
     767     751     339
     761     755     339
     755     751     336
     762     748     336
     759     747     334
     760     745     334
     763     745     332
     758     744     330
     757     743     326
     758     745     327
     754     743     328
     749     738     328
     751     734     328
     743     734     328
     742     729     324
     744     725     330
     741     723     332
     743     726     337
     742     731     339
     745     729     345
     746     731     348
     749     731     351
     752     731     353
     749     735     358
     744     732     358
     745     735     353
     749     730     354
     754     735     353
     755     738     353
     761     743     353
     762     739     352
     765     736     352
     761     733     347
     760     735     344
     765     739     347
     767     737     344
     766     733     343
     769     740     344
     775     736     341
     771     731     340
     772     738     338
     766     735     334
     765     732     333
     763     737     332
     760     742     327
     755     747     324
     756     753     320
     752     756     320
     748     756     323
     748     750     323
     745     746     319
     744     739     319
     745     737     324
     747     732     324
     748     731     331
     745     727     333
     751     724     333
     755     720     331
     756     725     336
     757     724     339
     757     729     343
     756     736     341
     757     743     341
     755     745     340
     755     740     340
     753     739     340
     746     742     338
     744     737     337
     744     737     334
     749     735     335
     752     739     338
     748     743     337
     748     737     341
     744     740     344
     744     738     343
     745     737     340
     751     736     335
     756     733     330
     760     731     329
     761     734     329
     761     734     326
     758     733     324
     758     729     323
     756     730     322
     754     728     320
     750     731     320
     752     735     319
     753     738     320
     752     740     321
     754     744     316
     749     745     317
     746     742     311
     747     743     314
     753     741     317
     757     741     320
     758     744     319
     764     743     320
     763     741     316
     767     744     318
     767     741     318
     768     736     317
     768     731     318
     768     725     321
     767     728     317
     772     730     320
     775     735     324
     773     734     324
     778     738     327
     776     732     325
     777     732     319
     775     735     317
     774     735     324
     782     735     324
     780     741     324
     777     744     324
     778     746     328
     772     743     325
     774     748     328
     773     754     328
     771     755     327
     767     757     324
     760     757     324
     761     754     322
     763     754     326
     765     749     330
     760     751     331
     762     747     329
     765     744     328
     766     745     322
     770     749     317
     774     752     316
     777     752     310
     777     749     312
     777     752     305
     775     749     300
     771     748     296
     767     752     295
     764     749     294
     759     745     295
     762     747     293
     765     747     292
     760     741     292
     767     739     289
     766     735     294
     765     735     299
     763     736     299
     763     739     304
     759     743     300
     762     744     303
     766     743     304
     769     745     305
     770     743     303
     771     744     307
     778     743     306
     783     739     310
     781     736     313
     784     729     314
     779     727     316
     777     731     312
     779     730     311
     777     727     304
     774     723     305
     776     723     310
     774     729     307
     775     727     307
     780     730     302
     779     729     301
     774     732     305
     775     732     303
     773     731     302
     777     734     296
     774     741     298
     770     744     301
     767     749     306
     764     752     307
     766     752     303
     760     750     302
     759     747     303
     761     748     299
     764     742     300
     763     747     306
     760     745     306
     758     742     306
     759     738     305
     756     736     307
     756     734     308
     752     732     309
     748     734     303
     745     732     307
     742     726     304
     741     723     303
     745     723     301
     747     722     303
     751     721     303
     752     725     307
     755     728     305
     754     731     303
     754     731     300
     748     736     301
     748     738     299
     745     734     294
     743     736     301
     741     731     301
     742     730     299
     743     726     297
     746     721     296
     752     719     299
     755     725     300
     761     724     305
     762     731     306
     761     732     307
     762     727     303
     760     725     304
     758     728     306
     756     729     301
     756     723     306
     755     723     303
     751     728     307
     748     727     305
     749     729     301
     747     731     298
     742     731     292
     746     731     289
     743     727     289
     740     724     286
     738     723     289
     740     719     291
     740     720     293
     741     717     294
     735     717     298
     741     718     301
     739     719     297
     745     718     295
     749     719     293
     755     719     292
     759     721     291
     761     720     290
     762     720     288
     758     721     287
     755     724     287
     753     725     291
     755     723     294
     753     721     296
     753     723     297
     756     725     298
     759     726     297
     759     729     294
     761     729     297
     759     732     293
     759     736     287
     758     735     284
     763     738     284
     766     737     283
     771     737     289
     770     738     287
     776     737     288
     773     732     284
     767     728     281
     770     724     280
     770     720     281
     766     718     282
     765     720     285
     759     718     284
     756     717     284
     749     714     286
     748     715     283
     748     714     283
     754     716     286
     754     718     285
     753     717     287
     752     712     284
     754     712     281
     756     712     279
     759     714     278
     761     718     277
     763     715     277
     766     713     284
     766     714     288
     765     720     291
     766     726     293
     766     726     295
     767     721     293
     771     723     289
     770     724     290
     769     726     287
     767     725     285
     765     726     288
     763     728     288
     760     729     285
     756     731     286
     753     731     283
     751     732     282
     747     738     279
     749     739     276
     749     734     274
     746     732     274
     745     728     279
     743     723     282
     742     720     282
     739     722     279
     739     722     282
     743     718     278
     748     721     277
     747     719     275
     752     717     272
     757     721     275
     754     720     274
     755     717     271
     755     724     273
     750     724     272
     744     723     271
     745     726     274
     741     724     276
     740     726     281
     744     727     284
     747     726     284
     749     723     281
     749     718     277
