     217     212    1653
     213     215    1647
     210     221    1643
     207     221    1636
     204     224    1630
     198     227    1626
     193     231    1626
     195     235    1621
     195     236    1627
     197     241    1631
     197     245    1633
     193     245    1633
     190     247    1631
     187     249    1631
     186     253    1633
     186     257    1635
     181     259    1638
     180     259    1640
     181     258    1643
     183     254    1642
     183     251    1644
     184     248    1644
     183     247    1645
     180     244    1647
     177     245    1648
     178     245    1647
     179     243    1645
     176     240    1640
     176     239    1641
     175     245    1636
     173     252    1634
     173     253    1631
     170     256    1629
     177     257    1628
     184     255    1631
     191     252    1633
     198     249    1633
     202     246    1633
     200     250    1630
     204     246    1629
     204     253    1629
     198     254    1629
     201     248    1625
     197     249    1626
     196     245    1625
     194     243    1621
     189     242    1620
     191     248    1619
     187     244    1624
     186     245    1626
     187     251    1622
     184     250    1623
     183     247    1621
     183     245    1623
     177     246    1618
     178     252    1616
     176     250    1621
     176     250    1629
     174     247    1636
     177     243    1642
     174     247    1648
     169     250    1650
     166     250    1656
     163     253    1658
     161     255    1655
     166     255    1649
     165     255    1643
     164     249    1639
     170     250    1638
     171     246    1637
     175     247    1634
     175     247    1631
     172     246    1632
     171     240    1628
     171     237    1629
     177     234    1628
     183     239    1629
     188     242    1634
     187     249    1636
     187     247    1639
     186     244    1633
     187     243    1637
     187     235    1637
     183     237    1631
     182     237    1634
     181     241    1635
     185     241    1634
     188     239    1638
     191     243    1637
     194     238    1636
     193     237    1635
     190     237    1638
     183     234    1640
     177     234    1641
     176     232    1645
     177     237    1645
     174     238    1647
     168     239    1647
     171     233    1647
     170     235    1641
     166     238    1642
     164     240    1638
     165     244    1641
     170     247    1644
     166     246    1646
     168     253    1646
     164     252    1645
     159     254    1642
     157     248    1645
     163     243    1646
     168     244    1650
     172     246    1651
     176     250    1655
     177     257    1652
     179     257    1651
     182     255    1653
     187     253    1655
     187     249    1656
     188     249    1655
     189     252    1656
     191     247    1652
     191     243    1658
     188     241    1655
     189     238    1651
     191     239    1650
     194     244    1653
     193     241    1651
     188     235    1651
     194     235    1656
     189     237    1660
     184     238    1659
     183     238    1662
     181     242    1658
     179     241    1660
     176     242    1664
     174     239    1660
     172     244    1663
     171     248    1659
     173     252    1661
     175     247    1656
     177     251    1652
     179     254    1645
     180     253    1647
     184     252    1649
     185     253    1653
     187     253    1660
     185     251    1666
     191     256    1667
     194     254    1666
     199     258    1667
     203     264    1667
     204     269    1661
     204     275    1660
     199     276    1662
     194     277    1662
     197     278    1661
     198     279    1657
     193     281    1656
     198     282    1650
     193     278    1650
     190     271    1651
     188     267    1651
     191     267    1656
     193     269    1663
     194     269    1659
     196     265    1657
     200     263    1661
     199     264    1656
     195     260    1659
     200     256    1659
     203     249    1658
     201     249    1655
     204     245    1650
     200     247    1654
     198     250    1650
     198     249    1647
     198     253    1644
     195     257    1646
     202     254    1647
     197     255    1647
     197     258    1645
     202     257    1644
     202     259    1643
     195     258    1643
     194     259    1646
     192     261    1645
     197     266    1642
     201     267    1648
     200     269    1653
     201     262    1656
     204     266    1655
     202     268    1661
     198     271    1662
     195     271    1655
     195     272    1662
     196     271    1657
     199     267    1656
     194     265    1660
     190     266    1663
     188     267    1660
     184     265    1659
     183     266    1662
     179     267    1665
     174     272    1664
     170     270    1663
     170     277    1664
     169     280    1663
     172     280    1660
     172     277    1659
     175     276    1655
     178     276    1660
     180     272    1659
     179     270    1659
     177     269    1657
     175     266    1664
     169     265    1661
     165     268    1655
     168     265    1656
     166     270    1661
     166     273    1660
     166     276    1656
     168     276    1653
     172     274    1651
     175     270    1652
     180     267    1650
     184     267    1652
     183     265    1655
     184     270    1652
     183     276    1657
     181     270    1655
     179     270    1653
     178     272    1655
     180     276    1657
     179     274    1662
     175     274    1662
     174     274    1658
     170     272    1656
     163     275    1656
     164     275    1651
     165     281    1652
     160     282    1651
     162     284    1654
     164     287    1654
     166     286    1655
     167     286    1656
     168     289    1661
     175     288    1659
     170     286    1659
     171     285    1654
     173     285    1651
     175     282    1648
     178     282    1646
     180     284    1645
     181     283    1641
     178     281    1641
     176     278    1641
     174     275    1645
     176     276    1647
     175     278    1650
     178     281    1655
     180     279    1654
     182     278    1651
     184     277    1649
     185     274    1650
     184     272    1645
     185     270    1639
     183     270    1637
     188     269    1638
     188     272    1635
     192     270    1639
     196     273    1642
     196     273    1639
     194     279    1637
     187     282    1636
     187     288    1635
     185     292    1637
     182     291    1640
     182     287    1639
     176     287    1641
     172     286    1642
     167     282    1642
     166     280    1639
     166     280    1636
     172     279    1635
     172     282    1640
     172     281    1637
     171     282    1634
     170     286    1634
     171     288    1635
     174     290    1635
     174     293    1639
     176     293    1636
     179     294    1643
     180     291    1644
     183     287    1646
     187     281    1647
     187     281    1649
     186     287    1648
     190     288    1642
     190     287    1645
     190     284    1642
     186     285    1641
     186     281    1642
     185     279    1642
     184     276    1639
     179     273    1640
     174     271    1639
     170     269    1640
     163     268    1640
     165     266    1635
     164     269    1635
     162     274    1637
     161     277    1642
     160     280    1643
     160     284    1646
     158     286    1646
     159     287    1649
     159     284    1642
     162     287    1641
     163     290    1642
     165     293    1638
     169     292    1642
     166     290    1635
     167     295    1636
     165     295    1643
     160     293    1640
     157     287    1637
     157     288    1641
     155     284    1641
     156     282    1647
     159     279    1647
     164     278    1643
     165     285    1643
     165     287    1640
