    1445     184     660
    1449     190     657
    1452     196     654
    1453     201     648
    1459     206     649
    1466     207     647
    1472     204     649
    1470     201     642
    1476     202     644
    1483     199     643
    1484     196     640
    1482     192     641
    1479     192     643
    1478     189     645
    1472     189     648
    1468     193     651
    1467     187     655
    1467     190     655
    1468     184     660
    1472     188     655
    1478     190     657
    1479     189     656
    1480     186     657
    1479     182     656
    1479     180     658
    1480     183     659
    1485     184     656
    1488     180     653
    1491     180     653
    1494     182     653
    1500     182     655
    1499     188     651
    1501     192     650
    1499     188     645
    1495     190     643
    1492     194     640
    1487     195     636
    1483     196     634
    1483     200     637
    1481     201     634
    1486     205     635
    1490     201     640
    1485     200     634
    1479     195     635
    1475     196     638
    1469     195     639
    1471     191     637
    1472     187     635
    1472     188     641
    1475     187     643
    1475     184     639
    1471     183     641
    1474     180     639
    1470     184     644
    1465     178     644
    1470     175     639
    1468     176     646
    1475     175     648
    1476     173     646
    1476     178     651
    1476     177     656
    1480     180     662
    1482     179     669
    1486     182     670
    1488     182     669
    1487     180     667
    1489     179     666
    1492     175     662
    1493     182     659
    1492     180     657
    1493     186     652
    1495     190     650
    1493     193     654
    1491     193     659
    1487     197     656
    1486     198     652
    1482     197     648
    1481     194     648
    1479     192     650
    1478     189     649
    1481     188     647
    1482     187     645
    1488     183     643
    1491     182     641
    1491     184     646
    1488     185     648
    1484     185     645
    1485     184     643
    1487     187     640
    1488     187     637
    1489     188     638
    1487     183     639
    1486     178     644
    1485     175     648
    1483     172     647
    1479     174     650
    1478     175     653
    1483     173     655
    1488     171     651
    1490     173     654
    1493     171     658
    1490     168     655
    1491     173     661
    1487     174     659
    1486     174     662
    1484     172     666
    1481     169     665
    1482     162     663
    1485     165     663
    1481     170     661
    1480     174     661
    1477     175     663
    1476     177     667
    1477     176     670
    1470     178     667
    1470     181     669
    1475     182     675
    1479     183     679
    1477     186     679
    1480     184     682
    1484     185     681
    1483     191     679
    1485     190     677
    1485     194     674
    1489     191     676
    1487     190     683
    1483     186     684
    1482     189     680
    1484     196     683
    1486     197     677
    1488     193     672
    1483     199     672
    1485     193     669
    1480     195     670
    1477     197     669
    1477     198     666
    1473     194     671
    1478     189     668
    1475     187     669
    1474     192     665
    1476     190     661
    1473     187     659
    1473     184     660
    1476     186     663
    1483     186     660
    1487     192     661
    1493     191     665
    1500     188     665
    1499     190     667
    1506     188     669
    1508     183     667
    1511     178     672
    1512     172     671
    1509     172     669
    1507     169     670
    1507     171     666
    1505     169     663
    1502     164     665
    1506     159     664
    1503     162     669
    1496     165     671
    1497     166     671
    1497     173     672
    1500     175     670
    1501     174     672
    1501     178     673
    1504     181     675
    1504     182     676
    1500     183     672
    1501     188     676
    1499     191     682
    1495     188     680
    1494     191     687
    1493     187     682
    1492     185     685
    1491     185     687
    1490     181     693
    1491     177     693
    1491     185     693
    1494     181     688
    1497     180     688
    1500     182     692
    1498     180     693
    1493     177     689
    1497     176     688
    1497     174     689
    1504     175     689
    1506     176     684
    1506     175     679
    1506     180     679
    1508     179     679
    1509     179     673
    1507     173     673
    1502     174     667
    1503     173     673
    1503     173     677
    1501     176     677
    1499     177     675
    1495     177     674
    1494     173     675
    1491     174     678
    1487     173     680
    1483     173     681
    1480     168     682
    1476     166     681
    1476     161     687
    1477     158     688
    1481     158     688
    1481     160     686
    1486     161     689
    1486     167     687
    1488     168     682
    1487     168     679
    1486     165     679
    1479     168     678
    1478     165     675
    1479     158     673
    1477     162     674
    1475     161     681
    1476     159     681
    1478     156     683
    1482     154     681
    1487     157     684
    1488     161     682
    1490     164     675
    1491     166     673
    1490     169     674
    1492     165     676
    1493     166     682
    1491     168     681
    1491     166     683
    1488     165     682
    1489     164     686
    1485     168     686
    1482     165     686
    1483     163     684
    1482     160     680
    1478     155     677
    1485     153     674
    1484     151     677
    1481     147     679
    1478     146     681
    1480     146     685
    1479     148     685
    1480     149     688
    1481     150     693
    1483     155     695
    1478     151     691
    1484     151     689
    1488     151     686
    1492     152     687
    1497     153     683
    1498     152     679
    1500     151     680
    1499     150     685
    1496     151     685
    1492     154     683
    1493     156     685
    1490     156     686
    1490     159     687
    1491     160     684
    1494     160     679
    1496     161     678
    1498     164     681
    1499     163     684
    1502     161     690
    1502     163     689
    1504     165     687
    1507     162     690
    1506     169     688
    1510     166     683
    1511     168     686
    1512     162     682
    1510     155     682
    1512     152     678
    1510     147     679
    1506     147     676
    1505     149     680
    1500     145     682
    1495     143     682
    1490     142     683
    1489     140     684
    1490     139     685
    1495     145     686
    1494     145     683
    1493     146     686
    1493     142     687
    1495     138     685
    1498     138     683
    1501     139     681
    1502     140     677
    1504     139     678
    1506     143     681
    1503     146     675
    1500     152     676
    1501     158     675
    1501     160     676
    1501     156     675
    1508     154     673
    1505     154     672
    1508     157     675
    1507     154     680
    1504     156     680
    1503     158     682
    1500     157     682
    1496     154     676
    1493     152     674
    1490     152     670
    1489     151     663
    1494     152     663
    1492     148     665
    1489     145     665
    1486     146     671
    1485     142     676
    1482     141     678
    1482     140     675
    1480     142     676
    1485     138     678
    1490     140     675
    1489     136     675
    1495     135     674
    1498     140     674
    1496     138     673
    1498     133     675
    1497     139     670
    1492     139     669
    1488     135     670
    1487     140     669
    1484     139     671
    1480     143     672
    1484     147     675
    1487     147     676
    1489     144     677
    1491     139     678
