    1015     546    1645
    1020     551    1644
    1026     553    1640
    1029     560    1638
    1035     564    1641
    1041     568    1640
    1048     569    1643
    1047     570    1636
    1047     564    1635
    1050     559    1630
    1052     558    1628
    1056     561    1629
    1059     563    1627
    1060     566    1633
    1059     570    1637
    1058     572    1643
    1065     574    1644
    1061     572    1648
    1064     565    1647
    1064     567    1646
    1068     565    1643
    1069     568    1641
    1070     569    1640
    1072     566    1638
    1075     566    1637
    1073     563    1642
    1072     560    1641
    1070     556    1638
    1070     554    1637
    1068     550    1640
    1069     546    1642
    1063     544    1642
    1061     541    1642
    1058     544    1641
    1055     548    1637
    1053     551    1630
    1053     554    1626
    1051     558    1623
    1053     560    1620
    1047     560    1622
    1048     555    1617
    1054     553    1621
    1048     556    1624
    1051     562    1625
    1051     566    1627
    1050     572    1628
    1053     572    1630
    1056     574    1625
    1059     568    1625
    1061     567    1627
    1058     573    1631
    1062     574    1628
    1063     571    1626
    1063     576    1632
    1068     580    1628
    1069     576    1623
    1071     575    1628
    1074     568    1629
    1073     569    1625
    1073     569    1633
    1078     570    1636
    1082     567    1638
    1085     569    1642
    1090     572    1640
    1093     568    1642
    1087     565    1639
    1091     559    1641
    1085     555    1638
    1078     552    1638
    1071     550    1638
    1066     550    1640
    1063     545    1636
    1067     546    1638
    1065     544    1631
    1066     549    1627
    1066     554    1621
    1063     560    1625
    1062     562    1631
    1060     565    1638
    1062     565    1637
    1060     564    1635
    1060     561    1635
    1057     557    1641
    1057     554    1640
    1061     554    1639
    1063     556    1637
    1061     560    1636
    1059     560    1638
    1057     556    1633
    1051     557    1636
    1053     555    1635
    1057     553    1633
    1064     556    1631
    1071     558    1630
    1074     562    1626
    1074     564    1629
    1076     564    1630
    1077     561    1631
    1076     556    1629
    1075     554    1633
    1076     552    1632
    1079     553    1629
    1079     553    1636
    1080     557    1636
    1082     557    1637
    1085     558    1642
    1088     558    1638
    1091     554    1632
    1089     558    1630
    1085     561    1631
    1082     563    1636
    1081     563    1640
    1078     561    1647
    1077     554    1647
    1071     559    1648
    1065     561    1651
    1066     556    1651
    1065     554    1653
    1062     551    1652
    1067     549    1653
    1071     551    1654
    1072     557    1659
    1073     554    1659
    1073     562    1659
    1076     555    1658
    1070     551    1661
    1068     552    1659
    1069     559    1661
    1073     558    1667
    1078     560    1663
    1079     561    1657
    1080     565    1659
    1079     562    1655
    1078     567    1655
    1076     571    1655
    1079     572    1654
    1084     572    1652
    1084     571    1646
    1080     570    1647
    1077     573    1646
    1075     572    1644
    1071     572    1643
    1071     567    1645
    1069     563    1647
    1073     559    1646
    1080     557    1649
    1087     559    1652
    1088     554    1654
    1088     554    1657
    1093     549    1660
    1093     541    1660
    1095     535    1656
    1100     534    1653
    1099     535    1649
    1095     535    1644
    1096     534    1649
    1097     534    1646
    1091     532    1644
    1087     529    1650
    1083     531    1649
    1084     537    1647
    1085     539    1646
    1086     543    1647
    1092     544    1646
    1094     543    1647
    1090     543    1651
    1092     543    1655
    1089     542    1655
    1088     546    1654
    1086     545    1660
    1082     547    1666
    1079     548    1662
    1075     546    1666
    1077     549    1659
    1074     545    1658
    1073     543    1661
    1069     538    1659
    1071     537    1653
    1073     539    1653
    1077     540    1657
    1077     537    1658
    1074     535    1660
    1077     534    1660
    1077     538    1655
    1074     539    1653
    1078     535    1653
    1083     530    1656
    1088     535    1657
    1093     538    1654
    1096     545    1656
    1100     546    1652
    1098     545    1653
    1098     542    1647
    1096     543    1644
    1097     539    1646
    1091     540    1648
    1094     547    1649
    1096     547    1646
    1090     547    1644
    1088     544    1642
    1086     544    1640
    1086     544    1637
    1088     545    1634
    1089     541    1629
    1086     544    1627
    1084     540    1622
    1080     540    1621
    1080     537    1624
    1078     538    1626
    1078     535    1629
    1078     541    1631
    1080     540    1635
    1085     539    1635
    1086     536    1635
    1092     539    1631
    1094     536    1631
    1091     531    1626
    1091     539    1626
    1089     539    1623
    1088     536    1622
    1084     533    1622
    1079     531    1624
    1075     533    1629
    1079     535    1633
    1076     539    1639
    1080     541    1643
    1081     542    1642
    1078     537    1641
    1078     538    1638
    1082     540    1637
    1083     536    1636
    1076     538    1635
    1078     537    1634
    1083     541    1631
    1083     541    1629
    1086     536    1629
    1088     534    1627
    1090     529    1622
    1090     526    1625
    1085     527    1621
    1084     524    1618
    1083     527    1616
    1079     528    1617
    1079     530    1617
    1076     531    1618
    1075     535    1614
    1074     539    1620
    1079     535    1616
    1076     531    1622
    1075     528    1626
    1075     527    1631
    1078     524    1636
    1076     524    1638
    1075     522    1638
    1079     520    1636
    1082     521    1633
    1083     526    1632
    1081     528    1633
    1079     529    1631
    1079     532    1631
    1081     532    1635
    1081     531    1638
    1084     530    1639
    1082     532    1641
    1087     528    1639
    1092     524    1641
    1092     521    1640
    1094     521    1645
    1090     520    1646
    1087     525    1651
    1089     525    1652
    1090     522    1653
    1083     519    1652
    1081     516    1645
    1075     514    1646
    1070     515    1643
    1072     516    1641
    1073     519    1641
    1073     519    1633
    1072     520    1629
    1073     521    1624
    1074     520    1624
    1079     517    1627
    1080     516    1632
    1077     520    1630
    1079     518    1631
    1080     513    1632
    1075     512    1631
    1070     515    1629
    1073     512    1633
    1068     513    1633
    1068     513    1635
    1067     520    1637
    1068     522    1638
    1073     525    1640
    1077     527    1644
    1076     529    1644
    1073     527    1643
    1074     522    1648
    1074     524    1647
    1077     522    1647
    1077     520    1644
    1080     522    1643
    1082     523    1642
    1085     522    1641
    1089     522    1635
    1089     519    1632
    1091     518    1630
    1096     515    1626
    1094     511    1631
    1091     509    1625
    1088     511    1626
    1087     516    1622
    1082     520    1620
    1079     520    1617
    1083     518    1615
    1082     520    1615
    1078     517    1618
    1078     514    1621
    1075     513    1619
    1071     511    1622
    1070     512    1626
    1077     509    1627
    1072     507    1626
    1077     506    1623
    1081     508    1622
    1081     509    1617
    1084     511    1619
    1084     514    1616
    1087     519    1617
    1087     521    1621
    1086     520    1624
    1082     517    1624
    1078     514    1623
