     575    1470     624
     581    1468     621
     588    1465     619
     589    1459     616
     592    1452     618
     593    1446     623
     593    1441     627
     589    1447     630
     595    1444     632
     600    1443     638
     599    1445     642
     594    1444     644
     593    1442     641
     589    1440     642
     585    1439     638
     585    1435     633
     580    1433     634
     584    1431     632
     588    1427     637
     588    1429     639
     586    1428     641
     584    1430     644
     581    1431     645
     583    1431     648
     583    1428     651
     586    1427     649
     589    1428     649
     592    1429     653
     593    1429     655
     598    1429     652
     603    1425     654
     605    1431     655
     609    1436     652
     605    1437     656
     603    1440     654
     603    1444     649
     600    1448     645
     598    1451     644
     601    1447     639
     600    1453     639
     606    1451     638
     605    1446     642
     602    1451     641
     594    1451     641
     592    1449     638
     586    1450     635
     586    1451     640
     585    1451     644
     586    1445     642
     586    1442     642
     584    1446     645
     580    1445     643
     581    1447     648
     579    1443     642
     572    1445     641
     574    1446     648
     572    1441     643
     575    1438     648
     576    1440     654
     579    1436     652
     576    1432     652
     576    1428     656
     572    1427     657
     569    1426     661
     571    1429     665
     575    1425     663
     582    1423     665
     590    1423     665
     595    1426     660
     597    1428     656
     600    1432     654
     603    1434     651
     602    1430     648
     604    1430     642
     601    1431     642
     600    1433     639
     597    1437     638
     594    1437     640
     592    1435     640
     589    1437     643
     590    1438     645
     590    1440     647
     593    1441     654
     595    1442     656
     596    1437     655
     594    1436     651
     591    1438     649
     591    1440     651
     594    1443     651
     596    1447     651
     597    1445     651
     592    1445     654
     589    1441     657
     585    1438     659
     582    1439     659
     582    1436     658
     582    1432     656
     584    1433     660
     586    1434     663
     591    1431     662
     594    1427     663
     591    1431     666
     591    1425     661
     585    1424     658
     587    1425     662
     584    1419     661
     580    1420     662
     583    1418     668
     585    1421     668
     582    1423     662
     583    1426     656
     581    1426     655
     583    1421     653
     584    1416     648
     586    1419     641
     589    1421     638
     594    1420     640
     597    1421     643
     599    1421     637
     597    1416     639
     601    1416     642
     596    1417     647
     595    1416     650
     591    1415     650
     597    1414     653
     600    1414     648
     598    1416     643
     595    1417     650
     595    1415     655
     589    1415     651
     585    1415     650
     583    1414     651
     582    1415     650
     579    1417     650
     572    1419     648
     573    1419     647
     571    1418     653
     571    1425     653
     572    1420     652
     573    1425     647
     577    1427     645
     578    1429     642
     582    1427     642
     588    1425     642
     583    1423     641
     578    1422     636
     578    1419     637
     575    1415     635
     580    1415     630
     576    1411     629
     577    1407     632
     574    1404     634
     572    1402     631
     573    1397     632
     574    1395     638
     573    1392     633
     569    1397     635
     570    1394     640
     566    1388     639
     571    1390     642
     577    1394     645
     578    1393     645
     581    1395     641
     580    1391     636
     582    1395     636
     583    1398     637
     584    1400     633
     582    1404     637
     582    1408     638
     586    1409     636
     590    1408     642
     593    1406     648
     600    1406     651
     604    1410     647
     600    1408     643
     599    1407     645
     601    1404     639
     599    1397     642
     603    1400     646
     598    1401     646
     594    1404     645
     597    1401     639
     597    1403     637
     593    1405     643
     593    1403     642
     590    1404     646
     583    1406     643
     583    1406     640
     580    1403     638
     584    1404     633
     586    1399     629
     581    1400     629
     580    1393     632
     577    1400     634
     579    1396     634
     580    1397     640
     586    1397     635
     586    1394     634
     587    1393     639
     586    1392     643
     588    1395     647
     591    1392     650
     594    1394     654
     591    1399     658
     591    1403     660
     591    1398     666
     589    1397     669
     587    1395     667
     586    1395     664
     585    1391     663
     587    1392     660
     587    1394     653
     586    1396     653
     584    1398     654
     587    1403     655
     587    1406     658
     581    1407     662
     588    1408     662
     590    1403     664
     587    1403     665
     583    1401     667
     580    1399     666
     580    1392     663
     582    1390     659
     584    1386     653
     583    1387     648
     586    1389     647
     581    1387     651
     582    1388     654
     586    1389     653
     583    1395     654
     585    1392     656
     585    1392     658
     589    1396     656
     590    1395     660
     585    1398     660
     585    1402     660
     582    1406     665
     578    1406     666
     578    1403     669
     576    1404     676
     579    1404     675
     579    1399     675
     581    1399     674
     581    1397     674
     585    1394     677
     584    1390     673
     586    1397     675
     579    1395     672
     576    1393     668
     573    1392     663
     571    1395     658
     568    1392     657
     566    1393     658
     567    1394     661
     569    1394     663
     574    1394     663
     576    1395     660
     578    1393     662
     579    1393     661
     579    1393     657
     577    1391     655
     575    1394     653
     577    1395     651
     576    1398     652
     575    1404     652
     574    1406     652
     574    1406     650
     569    1406     650
     573    1406     646
     571    1405     644
     569    1407     643
     565    1404     644
     563    1402     649
     558    1398     649
     556    1396     653
     559    1394     656
     562    1396     654
     563    1398     660
     564    1399     663
     568    1399     668
     569    1406     665
     567    1410     664
     567    1403     662
     567    1399     664
     568    1403     662
     565    1409     661
     562    1407     661
     561    1404     661
     558    1402     661
     556    1399     663
     555    1399     660
     558    1392     660
     561    1390     659
     565    1390     656
     570    1391     650
     572    1389     650
     568    1389     652
     562    1391     649
     564    1391     648
     564    1394     647
     564    1396     650
     567    1396     652
     570    1398     652
     571    1400     653
     573    1403     658
     570    1399     664
     569    1394     670
     569    1389     676
     564    1388     673
     563    1392     675
     566    1395     676
     568    1400     675
     570    1407     673
     570    1403     676
     570    1404     678
     573    1405     677
     568    1408     675
     564    1406     672
     561    1405     673
     556    1400     670
     557    1402     666
     558    1405     668
     555    1407     668
     556    1404     672
     559    1401     675
     561    1405     678
     563    1402     678
     566    1407     678
     571    1410     676
     574    1408     672
     571    1405     668
     567    1404     669
     563    1409     669
