    1149    1175      26
    1150    1170      30
    1157    1168      33
    1161    1164      35
    1167    1159      35
    1167    1151      35
    1163    1146      35
    1166    1146      28
    1166    1142      32
    1166    1135      32
    1166    1132      30
    1162    1133      28
    1160    1133      25
    1156    1136      26
    1154    1142      26
    1154    1148      27
    1147    1149      24
    1149    1149      30
    1147    1144      34
    1147    1144      30
    1145    1141      29
    1146    1140      26
    1144    1139      24
    1144    1135      26
    1141    1134      26
    1140    1136      25
    1143    1133      31
    1145    1128      33
    1144    1127      37
    1149    1122      39
    1147    1117      39
    1153    1116      35
    1157    1115      33
    1159    1119      36
    1159    1122      36
    1164    1124      32
    1167    1127      32
    1170    1128      31
    1169    1129      25
    1174    1132      28
    1175    1126      24
    1168    1123      25
    1172    1129      28
    1168    1134      24
    1167    1137      26
    1165    1143      22
    1163    1140      19
    1163    1139      16
    1160    1134      20
    1157    1135      22
    1158    1140      19
    1156    1138      16
    1155    1136      16
    1154    1143      16
    1151    1142       9
    1153    1135       9
    1149    1138      11
    1148    1132      15
    1147    1130      18
    1146    1132      20
    1141    1132      20
    1138    1129      18
    1136    1130      15
    1135    1127       9
    1140    1125       9
    1138    1123      15
    1140    1119      18
    1139    1117      24
    1145    1119      28
    1146    1122      35
    1150    1122      32
    1154    1120      32
    1150    1120      27
    1151    1121      24
    1154    1122      22
    1156    1123      20
    1158    1128      23
    1156    1132      27
    1154    1139      30
    1153    1137      28
    1155    1136      29
    1155    1134      30
    1155    1134      38
    1156    1129      38
    1154    1127      38
    1153    1128      34
    1154    1133      32
    1154    1135      34
    1159    1130      33
    1162    1134      37
    1162    1131      37
    1158    1133      39
    1150    1133      39
    1144    1130      38
    1142    1132      35
    1143    1130      28
    1142    1129      25
    1141    1128      29
    1137    1127      35
    1138    1125      35
    1137    1122      36
    1140    1118      31
    1136    1121      31
    1137    1124      28
    1136    1125      26
    1132    1126      22
    1132    1121      21
    1130    1118      28
    1130    1117      24
    1132    1123      25
    1135    1128      24
    1135    1130      24
    1132    1136      28
    1132    1134      33
    1137    1139      36
    1141    1143      37
    1135    1142      36
    1136    1146      37
    1138    1143      39
    1133    1148      41
    1131    1149      35
    1131    1150      29
    1133    1149      28
    1133    1151      23
    1129    1146      27
    1128    1151      32
    1132    1150      35
    1133    1150      29
    1130    1156      25
    1127    1150      22
    1129    1144      23
    1129    1147      18
    1129    1141      22
    1133    1145      18
    1135    1146      14
    1134    1142      14
    1132    1139      11
    1136    1135      13
    1136    1137      16
    1139    1140      17
    1141    1141      20
    1144    1141      22
    1141    1141      26
    1141    1142      30
    1136    1138      29
    1129    1138      26
    1125    1137      20
    1118    1138      19
    1118    1139      20
    1113    1135      19
    1110    1134      25
    1109    1132      30
    1109    1127      25
    1109    1125      28
    1112    1121      34
    1109    1122      31
    1106    1125      32
    1108    1124      38
    1102    1121      38
    1109    1121      40
    1115    1126      41
    1117    1122      40
    1120    1124      36
    1117    1121      33
    1118    1124      32
    1119    1129      32
    1118    1131      29
    1116    1134      30
    1118    1136      27
    1114    1142      26
    1116    1149      27
    1119    1148      29
    1119    1153      33
    1123    1153      34
    1123    1148      36
    1123    1146      34
    1123    1144      41
    1122    1145      45
    1121    1150      43
    1118    1147      39
    1119    1144      39
    1116    1146      41
    1120    1143      42
    1123    1140      38
    1122    1139      40
    1120    1138      41
    1113    1139      38
    1113    1136      35
    1114    1133      32
    1119    1133      30
    1121    1129      25
    1117    1127      24
    1116    1122      28
    1120    1124      27
    1117    1126      31
    1116    1127      35
    1121    1128      30
    1123    1128      33
    1124    1122      33
    1124    1124      37
    1127    1126      40
    1128    1129      42
    1134    1128      46
    1131    1133      50
    1134    1133      53
    1133    1130      59
    1132    1129      62
    1129    1128      60
    1129    1126      58
    1127    1124      56
    1130    1125      51
    1126    1127      47
    1126    1129      47
    1123    1133      50
    1130    1135      47
    1130    1139      51
    1124    1140      56
    1131    1138      53
    1132    1135      58
    1130    1135      59
    1127    1133      62
    1124    1126      62
    1123    1122      58
    1123    1123      53
    1125    1118      48
    1122    1118      43
    1125    1120      42
    1121    1119      47
    1123    1122      48
    1126    1124      46
    1123    1128      48
    1126    1122      50
    1124    1127      51
    1129    1128      49
    1130    1129      52
    1126    1132      53
    1125    1135      54
    1124    1138      61
    1121    1139      61
    1119    1135      63
    1120    1136      69
    1122    1134      69
    1123    1130      70
    1125    1131      68
    1125    1128      68
    1130    1123      70
    1129    1121      63
    1129    1127      68
    1123    1127      65
    1119    1125      62
    1116    1124      59
    1112    1125      56
    1110    1124      55
    1108    1122      55
    1109    1126      58
    1112    1129      58
    1116    1130      57
    1118    1125      56
    1119    1126      57
    1121    1127      55
    1119    1128      52
    1117    1126      50
    1115    1128      48
    1116    1127      47
    1115    1131      47
    1112    1138      49
    1111    1139      50
    1108    1141      47
    1105    1138      48
    1108    1138      43
    1106    1135      40
    1104    1139      40
    1101    1133      44
    1101    1132      51
    1097    1127      52
    1098    1122      54
    1100    1124      56
    1103    1123      55
    1106    1125      60
    1108    1125      64
    1113    1125      69
    1112    1126      71
    1111    1125      71
    1111    1124      64
    1110    1126      63
    1113    1123      64
    1110    1122      68
    1106    1123      69
    1104    1122      68
    1102    1122      65
    1099    1126      63
    1098    1123      63
    1102    1118      59
    1105    1117      56
    1108    1121      53
    1110    1124      47
    1112    1121      47
    1109    1120      49
    1102    1121      48
    1104    1121      47
    1102    1125      47
    1103    1127      50
    1107    1128      51
    1109    1130      50
    1109    1133      52
    1111    1136      55
    1112    1138      58
    1110    1140      59
    1111    1147      60
    1107    1148      59
    1106    1144      62
    1106    1144      66
    1111    1140      67
    1114    1134      69
    1115    1134      72
    1114    1137      73
    1117    1136      73
    1111    1133      74
    1107    1134      69
    1107    1133      73
    1101    1131      71
    1101    1132      64
    1101    1131      68
    1099    1130      70
    1100    1135      65
    1102    1137      69
    1105    1138      74
    1107    1140      71
    1110    1139      73
    1116    1140      71
    1116    1138      66
    1114    1136      64
    1111    1133      67
    1107    1130      70
