    1511    1340     489
    1514    1337     483
    1518    1332     479
    1521    1326     477
    1528    1326     474
    1533    1330     471
    1537    1333     466
    1532    1338     469
    1538    1338     470
    1543    1343     473
    1543    1347     474
    1540    1350     470
    1540    1347     468
    1539    1349     464
    1536    1346     459
    1535    1340     458
    1534    1343     451
    1537    1338     454
    1542    1342     453
    1543    1341     455
    1546    1344     455
    1544    1347     454
    1542    1349     453
    1543    1352     453
    1544    1354     450
    1548    1351     451
    1550    1350     454
    1553    1354     456
    1554    1355     457
    1557    1353     461
    1562    1358     463
    1561    1355     467
    1560    1352     472
    1557    1356     472
    1553    1356     472
    1548    1353     476
    1544    1351     477
    1540    1350     479
    1543    1344     478
    1538    1344     481
    1545    1343     484
    1548    1346     478
    1542    1347     481
    1536    1348     476
    1535    1345     473
    1529    1344     468
    1530    1348     468
    1529    1353     471
    1533    1351     469
    1536    1350     464
    1532    1353     465
    1530    1354     462
    1531    1357     464
    1530    1352     458
    1524    1356     457
    1527    1361     460
    1529    1357     454
    1536    1360     456
    1534    1363     454
    1538    1357     453
    1539    1356     449
    1541    1357     444
    1537    1359     442
    1538    1362     436
    1535    1364     440
    1541    1364     442
    1548    1365     444
    1553    1364     450
    1556    1360     456
    1556    1357     459
    1555    1355     463
    1556    1352     468
    1557    1348     465
    1556    1342     466
    1553    1342     465
    1550    1341     467
    1545    1342     467
    1544    1345     465
    1543    1345     463
    1542    1348     461
    1542    1351     463
    1542    1353     464
    1546    1359     466
    1549    1360     468
    1550    1357     465
    1549    1354     463
    1544    1354     464
    1543    1357     465
    1544    1356     470
    1543    1358     473
    1545    1356     472
    1543    1360     469
    1543    1363     464
    1544    1364     458
    1540    1367     458
    1541    1362     455
    1542    1359     453
    1545    1361     453
    1548    1366     455
    1553    1362     455
    1556    1363     454
    1552    1367     455
    1555    1361     451
    1552    1359     450
    1552    1361     448
    1550    1359     442
    1549    1363     441
    1551    1370     444
    1548    1368     443
    1548    1362     444
    1548    1356     446
    1546    1356     445
    1549    1352     442
    1552    1347     446
    1547    1341     447
    1549    1337     450
    1549    1336     445
    1553    1337     444
    1553    1333     445
    1550    1335     438
    1556    1334     440
    1554    1339     436
    1557    1343     440
    1553    1346     439
    1560    1343     441
    1559    1337     436
    1560    1339     441
    1557    1345     441
    1559    1345     434
    1556    1345     434
    1553    1349     436
    1548    1346     433
    1552    1348     438
    1546    1348     435
    1542    1346     435
    1541    1346     437
    1540    1351     433
    1537    1354     439
    1539    1353     436
    1538    1349     442
    1538    1348     445
    1538    1348     449
    1543    1345     449
    1546    1343     449
    1551    1345     453
    1555    1341     455
    1559    1341     453
    1565    1342     457
    1565    1339     455
    1570    1343     458
    1575    1346     454
    1578    1352     453
    1575    1355     458
    1576    1358     454
    1571    1362     450
    1574    1361     451
    1575    1362     451
    1575    1362     445
    1577    1359     441
    1578    1357     438
    1573    1356     439
    1571    1357     440
    1566    1355     443
    1565    1355     448
    1568    1355     448
    1570    1350     446
    1570    1348     448
    1574    1348     447
    1568    1346     450
    1572    1340     448
    1570    1335     444
    1566    1338     442
    1569    1333     437
    1564    1334     439
    1567    1340     437
    1568    1338     435
    1568    1343     430
    1571    1345     427
    1568    1339     429
    1571    1343     435
    1572    1340     433
    1577    1342     432
    1577    1342     435
    1571    1345     432
    1574    1345     436
    1575    1348     435
    1582    1347     438
    1579    1348     445
    1575    1350     448
    1573    1347     448
    1575    1350     453
    1569    1352     455
    1568    1356     453
    1567    1358     452
    1570    1357     452
    1571    1355     447
    1566    1352     450
    1566    1351     448
    1562    1354     446
    1564    1356     441
    1562    1358     440
    1560    1358     436
    1557    1361     433
    1559    1368     435
    1559    1368     439
    1558    1374     435
    1559    1376     433
    1562    1374     432
    1563    1372     430
    1566    1368     427
    1560    1365     428
    1562    1360     431
    1563    1362     434
    1566    1364     437
    1562    1366     441
    1564    1368     443
    1569    1373     445
    1564    1370     445
    1561    1372     440
    1562    1374     439
    1565    1376     437
    1569    1375     437
    1569    1370     432
    1569    1365     433
    1569    1358     430
    1567    1355     435
    1565    1355     435
    1568    1357     430
    1568    1360     428
    1565    1359     430
    1567    1362     433
    1565    1362     428
    1566    1364     428
    1560    1365     432
    1560    1368     431
    1563    1368     431
    1563    1371     428
    1565    1378     425
    1572    1378     423
    1571    1380     428
    1571    1386     431
    1568    1385     428
    1567    1385     433
    1568    1382     436
    1566    1382     435
    1559    1384     433
    1563    1380     438
    1562    1382     431
    1568    1378     431
    1573    1375     434
    1576    1371     431
    1579    1368     431
    1580    1367     429
    1583    1367     430
    1583    1370     433
    1580    1371     436
    1575    1371     438
    1574    1369     435
    1572    1370     431
    1571    1369     432
    1570    1366     429
    1573    1364     431
    1575    1363     435
    1574    1360     434
    1577    1361     438
    1583    1362     443
    1586    1366     445
    1587    1361     446
    1589    1361     443
    1587    1354     441
    1587    1354     444
    1588    1351     441
    1591    1356     436
    1591    1362     432
    1593    1363     427
    1591    1365     424
    1587    1367     423
    1587    1366     427
    1584    1372     428
    1582    1376     429
    1580    1380     433
    1582    1381     435
    1585    1382     435
    1585    1376     434
    1581    1375     431
    1583    1376     432
    1588    1378     433
    1589    1378     430
    1588    1377     428
    1589    1375     425
    1586    1375     421
    1590    1373     422
    1584    1369     420
    1582    1367     422
    1581    1365     426
    1580    1359     430
    1578    1358     429
    1580    1361     425
    1585    1357     426
    1584    1358     428
    1586    1359     431
    1585    1362     428
    1585    1363     432
    1583    1363     435
    1586    1365     437
    1583    1369     440
    1583    1373     443
    1580    1375     445
    1579    1381     448
    1583    1383     447
    1577    1384     445
    1582    1385     440
    1578    1386     437
    1576    1386     433
    1576    1388     432
    1576    1388     428
    1574    1389     429
    1579    1389     431
    1582    1385     427
    1583    1387     426
    1586    1383     420
    1584    1379     422
    1589    1383     425
    1590    1383     422
    1583    1383     419
    1585    1388     423
    1584    1391     429
    1581    1391     426
    1578    1392     428
    1574    1388     424
    1573    1384     425
    1577    1381     431
    1579    1382     427
    1582    1381     426
