      41     795    1537
      47     796    1541
      52     795    1547
      58     796    1552
      61     795    1559
      65     789    1561
      71     786    1562
      68     787    1569
      67     782    1566
      67     775    1567
      67     773    1569
      72     774    1572
      74     775    1574
      78     778    1572
      80     783    1571
      80     789    1570
      87     790    1573
      86     791    1568
      91     786    1565
      87     785    1568
      90     782    1568
      89     780    1571
      89     779    1573
      90     775    1571
      95     774    1569
      93     775    1569
      91     774    1566
      89     768    1565
      90     767    1563
      85     761    1562
      88     757    1566
      82     757    1564
      79     754    1567
      76     759    1566
      74     762    1565
      70     765    1569
      67     768    1569
      65     771    1572
      66     770    1575
      61     774    1574
      60     768    1577
      66     765    1576
      62     770    1572
      66     776    1575
      68     779    1574
      69     786    1575
      70     783    1578
      71     782    1582
      75     777    1578
      77     778    1576
      77     785    1578
      78     781    1582
      78     777    1582
      81     783    1581
      82     781    1588
      83     786    1585
      85     782    1587
      86     775    1585
      87     773    1579
      88     774    1577
      90     772    1578
      94     771    1580
      94     773    1583
      91     769    1589
      91     763    1588
      93     764    1582
      94     760    1581
      94     758    1576
      90     760    1573
      90     762    1567
      84     763    1569
      81     761    1569
      84     761    1573
      83     763    1576
      80     765    1578
      79     765    1580
      77     770    1577
      78     774    1572
      81     780    1568
      81     779    1569
      79     776    1570
      79     774    1568
      79     774    1560
      77     768    1562
      80     767    1562
      81     769    1566
      80     774    1566
      79     776    1564
      74     771    1565
      71     774    1562
      72     770    1563
      74     772    1561
      81     771    1559
      88     769    1560
      91     772    1559
      91     771    1565
      94     770    1568
      94     768    1567
      98     765    1561
      95     764    1561
      98     762    1562
      94     758    1567
      99     761    1568
      97     765    1573
      98     763    1571
      99     763    1577
     100     764    1577
     106     759    1577
     103     758    1574
     101     765    1573
      98     769    1575
      98     771    1573
     101     776    1571
     103     781    1570
      99     785    1565
      97     784    1562
     101     779    1560
     103     775    1556
      99     776    1557
     106     779    1557
     107     772    1560
     108     777    1562
     106     775    1565
     107     777    1570
     108     771    1567
     110     772    1562
     110     769    1560
     108     776    1560
     111     782    1561
     110     782    1567
     107     782    1570
     107     784    1571
     106     780    1574
     105     784    1575
     103     789    1579
     101     790    1576
     100     786    1582
      97     779    1583
     100     783    1582
      95     783    1579
      94     783    1577
      91     782    1575
      93     783    1571
      94     782    1567
      96     780    1571
      96     780    1579
      99     775    1584
     102     770    1589
     103     768    1587
     106     765    1591
     111     766    1591
     116     767    1592
     114     768    1596
     117     771    1595
     121     775    1593
     119     776    1597
     120     772    1597
     125     774    1593
     128     777    1599
     127     779    1593
     124     778    1586
     122     777    1585
     117     779    1584
     118     782    1591
     115     779    1588
     113     777    1587
     112     774    1585
     113     772    1584
     109     771    1584
     109     768    1582
     111     771    1575
     113     771    1572
     112     769    1570
     111     766    1564
     113     766    1569
     113     764    1568
     118     759    1567
     123     763    1570
     118     762    1566
     119     764    1572
     117     765    1574
     120     758    1574
     118     757    1574
     115     758    1575
     118     762    1577
     120     764    1577
     120     761    1584
     117     765    1585
     115     771    1586
     109     776    1586
     107     778    1592
     109     775    1593
     113     780    1593
     112     777    1595
     115     778    1592
     117     774    1588
     111     779    1588
     112     783    1588
     114     785    1585
     118     785    1583
     117     781    1577
     119     781    1574
     120     788    1571
     124     784    1566
     122     782    1564
     128     779    1562
     132     778    1561
     133     780    1565
     133     783    1567
     134     784    1571
     128     787    1572
     124     783    1574
     125     785    1574
     125     779    1573
     120     780    1568
     122     777    1565
     126     771    1568
     121     774    1564
     126     779    1561
     130     781    1561
     132     775    1565
     133     773    1569
     131     775    1572
     130     780    1575
     123     777    1577
     123     778    1580
     120     785    1579
     126     784    1582
     128     786    1579
     125     786    1577
     125     779    1575
     128     785    1575
     130     783    1574
     125     786    1571
     129     785    1568
     131     786    1569
     133     784    1565
     140     782    1562
     144     779    1566
     142     775    1566
     145     772    1563
     143     773    1562
     139     769    1564
     138     771    1562
     136     768    1564
     133     768    1558
     131     770    1565
     136     771    1559
     136     772    1566
     136     773    1572
     138     775    1577
     138     777    1582
     139     778    1584
     141     777    1586
     142     776    1582
     143     780    1580
     139     779    1576
     135     777    1576
     136     780    1575
     134     780    1574
     133     784    1577
     133     783    1581
     131     779    1582
     128     777    1582
     129     772    1582
     131     765    1579
     130     767    1580
     131     764    1580
     132     762    1584
     127     765    1584
     126     764    1588
     127     761    1588
     131     764    1592
     137     766    1590
     139     767    1594
     143     770    1594
     144     773    1592
     141     771    1589
     144     771    1584
     143     769    1580
     142     766    1575
     144     766    1575
     142     764    1575
     143     771    1578
     146     775    1579
     146     776    1578
     150     775    1579
     150     769    1581
     147     766    1583
     151     772    1585
     149     767    1587
     150     768    1589
     148     775    1591
     145     778    1590
     140     779    1588
     134     779    1588
     132     782    1588
     135     780    1589
     138     776    1595
     135     776    1594
     134     772    1593
     136     771    1590
     136     773    1587
     134     772    1585
     134     771    1583
     139     774    1578
     145     778    1575
     149     783    1572
     156     782    1569
     158     783    1574
     159     777    1573
     159     774    1571
     152     772    1569
     146     767    1569
     148     769    1567
     150     767    1565
     147     767    1564
     149     764    1569
     149     765    1573
     151     762    1573
     153     763    1579
     148     763    1581
     154     768    1580
     155     764    1583
     155     761    1577
     157     767    1575
     157     766    1570
     155     769    1570
     154     768    1567
     150     772    1563
     148     775    1567
     148     776    1570
     148     772    1572
     150     768    1574
