    1297     332     167
    1291     329     171
    1286     330     176
    1284     333     183
    1282     340     185
    1281     346     181
    1279     353     179
    1272     350     177
    1275     355     180
    1273     362     183
    1268     364     182
    1268     365     178
    1269     363     175
    1270     364     171
    1272     361     167
    1275     354     167
    1274     356     161
    1277     355     163
    1275     362     160
    1278     360     165
    1281     363     164
    1282     365     168
    1283     365     168
    1281     370     166
    1281     373     164
    1283     372     165
    1278     373     165
    1273     379     166
    1273     382     167
    1276     381     173
    1271     387     172
    1273     384     179
    1275     382     184
    1269     383     181
    1268     378     182
    1268     372     184
    1265     367     184
    1263     364     184
    1268     362     186
    1264     359     187
    1268     360     192
    1271     366     189
    1265     362     188
    1264     359     181
    1266     356     178
    1267     353     172
    1263     357     172
    1259     358     171
    1266     359     171
    1268     362     170
    1262     362     169
    1263     362     165
    1260     364     165
    1265     361     162
    1259     361     157
    1259     367     160
    1263     363     157
    1266     370     158
    1268     371     159
    1275     372     162
    1282     374     165
    1286     376     165
    1292     379     167
    1294     380     173
    1294     385     170
    1289     383     169
    1287     387     169
    1283     388     168
    1280     383     172
    1275     384     169
    1274     380     174
    1275     379     179
    1280     378     176
    1283     374     177
    1284     372     178
    1281     369     180
    1277     365     179
    1275     364     176
    1276     364     173
    1274     365     171
    1272     367     172
    1270     369     173
    1265     374     172
    1264     377     174
    1269     377     174
    1271     375     172
    1269     370     171
    1267     371     172
    1265     372     176
    1262     371     178
    1264     372     179
    1262     373     173
    1265     376     167
    1269     377     162
    1267     378     159
    1272     374     160
    1276     376     161
    1276     379     161
    1272     382     159
    1273     383     160
    1274     387     161
    1275     386     167
    1278     386     162
    1280     383     160
    1283     384     163
    1287     383     161
    1289     385     159
    1287     392     158
    1285     390     158
    1285     384     158
    1285     379     160
    1285     377     161
    1287     375     156
    1281     374     152
    1279     367     155
    1280     362     155
    1284     367     152
    1282     372     151
    1281     370     153
    1281     374     151
    1281     366     151
    1288     368     148
    1289     371     151
    1291     364     151
    1285     369     150
    1285     366     145
    1284     364     146
    1290     369     145
    1293     368     143
    1296     368     148
    1293     375     150
    1297     371     154
    1294     373     155
    1295     369     157
    1297     366     161
    1297     369     162
    1299     374     162
    1295     375     166
    1293     372     167
    1291     368     167
    1288     367     164
    1285     362     165
    1281     365     162
    1283     364     160
    1283     362     158
    1287     356     155
    1292     357     149
    1292     357     141
    1290     359     137
    1287     364     132
    1284     369     128
    1280     371     125
    1277     374     121
    1277     377     123
    1279     379     129
    1282     377     127
    1288     373     129
    1286     380     132
    1292     376     135
    1288     378     138
    1283     380     141
    1280     379     139
    1276     377     137
    1272     380     131
    1273     375     133
    1276     372     133
    1275     368     131
    1278     368     132
    1280     370     136
    1283     363     134
    1279     358     137
    1281     360     142
    1276     356     143
    1280     360     144
    1276     363     144
    1274     362     145
    1270     365     147
    1265     368     145
    1268     361     143
    1271     365     144
    1272     368     144
    1267     365     141
    1267     367     144
    1270     370     147
    1272     370     145
    1271     373     146
    1277     374     141
    1278     372     136
    1276     375     130
    1273     368     132
    1270     367     129
    1274     370     126
    1272     376     126
    1269     376     130
    1273     377     127
    1273     378     131
    1269     372     132
    1268     375     133
    1267     377     136
    1269     381     137
    1267     381     143
    1266     382     141
    1263     385     145
    1264     391     140
    1262     391     145
    1263     398     145
    1265     401     146
    1269     399     146
    1269     397     149
    1272     395     149
    1272     391     151
    1271     387     145
    1270     387     142
    1271     389     140
    1265     390     136
    1265     391     134
    1269     397     131
    1265     394     137
    1263     398     139
    1266     399     138
    1269     401     141
    1274     402     146
    1275     397     148
    1275     392     146
    1276     385     149
    1276     382     142
    1272     381     144
    1277     384     146
    1275     386     146
    1272     385     146
    1274     388     142
    1275     389     149
    1272     390     147
    1266     389     146
    1267     393     145
    1269     393     141
    1270     395     137
    1271     401     133
    1274     402     132
    1276     404     135
    1276     409     136
    1274     410     138
    1273     410     141
    1272     408     142
    1273     408     146
    1267     411     145
    1265     405     142
    1269     407     147
    1274     405     144
    1278     401     144
    1282     398     145
    1285     394     142
    1287     393     144
    1289     394     144
    1287     397     141
    1284     398     139
    1280     397     141
    1280     395     145
    1278     396     146
    1276     395     143
    1277     392     142
    1280     388     143
    1280     389     139
    1280     386     140
    1280     390     135
    1278     390     129
    1280     391     128
    1280     389     125
    1285     390     126
    1284     384     129
    1286     382     129
    1288     385     125
    1291     386     130
    1293     391     133
    1298     391     136
    1299     392     141
    1296     394     141
    1294     393     141
    1291     399     143
    1289     402     143
    1285     407     145
    1285     409     145
    1286     409     147
    1286     402     145
    1287     402     143
    1286     402     146
    1288     406     148
    1292     407     146
    1293     405     147
    1296     403     145
    1297     402     141
    1299     400     143
    1296     395     148
    1294     393     148
    1289     390     145
    1287     386     142
    1286     385     143
    1289     387     145
    1295     386     141
    1293     385     142
    1293     386     138
    1292     390     137
    1289     391     137
    1286     391     136
    1285     393     134
    1281     396     132
    1283     400     131
    1284     400     129
    1282     403     122
    1287     403     121
    1289     404     125
    1288     409     125
    1284     408     131
    1283     411     138
    1281     412     136
    1282     414     135
    1278     414     136
    1284     414     139
    1288     410     136
    1291     412     137
    1295     411     139
    1294     404     136
    1295     407     137
    1298     410     139
    1296     406     133
    1293     410     132
    1290     415     132
    1288     412     130
    1284     414     131
    1279     412     131
    1279     407     133
    1281     405     134
    1285     407     137
    1289     410     140
