     918     535    1306
     914     530    1310
     916     528    1317
     919     532    1323
     922     531    1330
     922     531    1338
     919     536    1342
     913     532    1343
     916     538    1341
     913     542    1337
     910     543    1336
     909     544    1341
     907     543    1344
     905     546    1345
     900     544    1346
     896     545    1341
     895     546    1348
     895     547    1344
     897     554    1341
     898     551    1345
     899     555    1347
     902     553    1351
     902     554    1352
     904     556    1353
     904     560    1354
     902     559    1351
     904     560    1348
     907     562    1345
     908     563    1344
     906     564    1338
     904     570    1335
     907     564    1332
     912     566    1329
     910     559    1330
     913     556    1331
     908     551    1331
     909     545    1331
     908     541    1332
     905     540    1334
     906     537    1332
     901     540    1328
     902     547    1331
     902     544    1333
     904     539    1337
     906     537    1341
     909     534    1347
     908     536    1349
     909     536    1353
     913     542    1352
     910     544    1350
     905     539    1351
     905     541    1355
     908     542    1357
     901     541    1355
     901     541    1363
     908     544    1364
     903     545    1363
     907     551    1362
     913     551    1360
     910     554    1357
     905     558    1360
     902     562    1360
     900     563    1364
     900     564    1369
     901     568    1369
     904     568    1362
     904     574    1357
     906     575    1350
     906     570    1344
     907     567    1340
     907     561    1337
     912     562    1334
     915     565    1337
     920     562    1341
     921     557    1347
     923     550    1350
     917     545    1349
     911     547    1346
     905     549    1343
     907     548    1348
     908     549    1347
     910     549    1346
     915     553    1342
     916     554    1338
     909     556    1338
     910     557    1341
     910     552    1344
     909     552    1341
     911     550    1339
     916     547    1336
     915     549    1336
     916     551    1339
     916     556    1345
     915     559    1350
     916     560    1357
     913     559    1355
     912     561    1357
     912     564    1355
     914     565    1352
     913     566    1349
     911     571    1346
     914     571    1351
     907     569    1348
     905     569    1352
     905     568    1351
     900     571    1354
     901     573    1352
     899     578    1348
     904     578    1354
     905     571    1357
     904     566    1357
     902     565    1357
     896     565    1352
     895     570    1346
     895     564    1344
     896     561    1341
     892     564    1338
     892     560    1337
     895     559    1334
     889     563    1333
     885     560    1339
     885     556    1344
     886     555    1342
     885     552    1349
     885     558    1346
     883     559    1339
     880     556    1340
     886     555    1342
     882     550    1342
     882     552    1349
     886     555    1352
     883     552    1355
     887     558    1353
     887     553    1357
     888     550    1360
     891     553    1361
     892     555    1366
     897     558    1364
     894     557    1361
     896     554    1359
     898     553    1356
     898     554    1353
     897     556    1350
     897     557    1345
     896     561    1348
     894     562    1350
     890     564    1355
     887     565    1362
     887     565    1360
     887     569    1366
     883     572    1364
     880     576    1363
     883     578    1367
     882     581    1365
     880     584    1359
     884     587    1364
     879     584    1364
     877     588    1360
     875     593    1363
     876     589    1358
     879     584    1353
     881     587    1352
     885     582    1352
     888     587    1356
     889     583    1356
     887     579    1355
     890     577    1357
     884     575    1354
     888     571    1356
     885     569    1354
     885     569    1346
     884     567    1344
     880     565    1341
     879     564    1338
     878     562    1345
     878     563    1344
     872     559    1347
     869     564    1345
     872     564    1341
     874     567    1346
     874     566    1348
     870     563    1350
     872     561    1352
     876     564    1353
     875     566    1353
     876     569    1352
     873     570    1359
     877     572    1358
     882     576    1357
     888     575    1356
     893     578    1361
     890     578    1362
     890     584    1360
     890     581    1361
     885     583    1356
     883     580    1356
     890     579    1354
     892     584    1354
     891     585    1350
     888     585    1347
     888     582    1343
     885     580    1341
     887     579    1338
     881     579    1333
     881     575    1331
     874     575    1329
     871     574    1330
     871     576    1333
     873     576    1334
     873     577    1338
     877     576    1341
     880     580    1341
     881     583    1340
     878     584    1338
     884     583    1333
     883     586    1331
     876     589    1329
     881     583    1328
     877     581    1327
     874     581    1328
     870     581    1329
     868     582    1333
     870     583    1337
     874     583    1340
     877     584    1347
     882     589    1345
     884     587    1344
     878     589    1344
     877     587    1343
     879     585    1342
     877     581    1343
     878     579    1342
     875     578    1342
     879     576    1339
     878     577    1335
     875     582    1335
     874     584    1333
     870     586    1327
     866     586    1332
     864     585    1332
     859     586    1328
     860     583    1328
     860     580    1330
     862     579    1329
     860     577    1331
     861     572    1329
     865     570    1334
     864     574    1328
     862     577    1334
     862     578    1338
     864     583    1343
     864     585    1347
     864     588    1348
     861     587    1350
     859     584    1348
     860     582    1345
     865     583    1342
     867     580    1343
     867     580    1341
     870     579    1342
     873     581    1344
     872     586    1345
     872     585    1348
     873     582    1350
     871     580    1351
     866     574    1352
     863     573    1353
     864     573    1353
     861     575    1356
     868     574    1358
     870     576    1361
     867     574    1362
     865     580    1363
     860     584    1359
     859     589    1361
     856     592    1357
     860     594    1354
     859     589    1354
     857     590    1349
     857     590    1344
     856     588    1338
     853     586    1337
     851     586    1338
     854     583    1343
     857     587    1343
     854     584    1342
     851     586    1342
     849     589    1343
     850     591    1345
     851     592    1348
     855     596    1348
     852     595    1351
     859     596    1351
     862     595    1351
     866     591    1351
     870     588    1353
     871     590    1351
     868     592    1352
     865     592    1359
     867     592    1358
     866     588    1359
     862     586    1356
     865     585    1354
     866     583    1353
     863     580    1353
     863     580    1345
     863     587    1342
     867     593    1339
     872     598    1337
     870     600    1341
     867     600    1338
     866     598    1338
     863     595    1334
     862     591    1333
     856     590    1329
     856     593    1329
     858     594    1328
     853     592    1331
     855     595    1336
     853     597    1336
     853     601    1342
     855     597    1344
     852     597    1342
     848     599    1343
     855     602    1341
     857     601    1337
     855     601    1333
     859     600    1333
     857     597    1330
     861     593    1327
     862     590    1330
     859     589    1334
     857     591    1337
     852     592    1337
