     868     161     483
     875     162     480
     881     161     475
     886     155     474
     885     148     472
     885     142     476
     889     136     479
     883     135     474
     884     134     480
     880     131     486
     875     128     486
     877     125     484
     879     125     481
     881     121     479
     885     121     475
     889     125     472
     890     119     470
     892     122     470
     892     115     472
     891     119     475
     893     118     479
     892     119     482
     893     119     484
     889     114     483
     892     111     486
     892     113     486
     887     110     483
     881     107     487
     880     107     489
     883     113     493
     884     114     495
     877     113     498
     876     119     500
     872     114     497
     871     117     494
     872     124     492
     871     128     486
     870     131     484
     875     133     487
     873     136     484
     876     138     490
     874     131     493
     870     133     487
     873     131     480
     876     131     477
     880     130     471
     876     127     472
     873     124     471
     877     125     474
     879     122     476
     876     121     473
     877     118     471
     874     117     471
     880     116     469
     874     113     465
     873     110     470
     877     110     468
     882     109     473
     880     106     475
     885     109     478
     890     110     484
     894     110     490
     897     109     497
     897     114     502
     895     109     504
     893     107     500
     891     105     500
     886     103     498
     884     108     496
     881     106     491
     879     111     493
     879     117     496
     884     114     496
     886     117     495
     888     124     494
     887     126     491
     884     127     486
     884     125     484
     885     123     482
     884     121     481
     881     119     482
     879     119     483
     873     114     484
     870     113     486
     874     112     489
     878     114     486
     877     117     482
     876     116     483
     873     119     485
     869     120     486
     872     120     487
     871     116     483
     874     109     482
     879     105     481
     879     103     479
     885     107     479
     887     107     482
     885     104     485
     883      98     484
     882     100     486
     881      97     489
     880     102     492
     887      99     490
     889     103     487
     889     101     492
     894     102     493
     893     101     494
     891      94     491
     891      95     495
     893     100     491
     893     106     489
     894     106     487
     899     107     485
     899     107     477
     896     110     474
     898     110     476
     898     103     478
     895      96     480
     894      97     480
     896      96     478
     901      96     481
     904      98     484
     902     100     484
     906     102     486
     904      97     488
     904      93     484
     903      91     486
     904      92     493
     908      94     492
     908     100     492
     906     103     490
     909     105     490
     905     107     487
     906     109     490
     909     113     492
     905     116     492
     906     114     495
     900     114     495
     903     115     488
     898     118     490
     896     117     487
     895     120     481
     895     115     480
     896     113     478
     898     115     477
     902     121     478
     906     117     481
     909     118     479
     913     114     480
     911     116     476
     913     117     472
     907     115     469
     912     118     467
     912     116     462
     910     114     459
     909     116     461
     904     117     464
     904     114     458
     899     119     459
     898     113     460
     902     107     462
     903     107     460
     908     106     462
     915     108     460
     913     106     464
     911     106     468
     914     107     470
     908     107     470
     909     108     475
     913     105     478
     916      99     482
     913      97     480
     914      91     481
     911      95     480
     907      92     478
     908      90     479
     904      86     475
     908      85     470
     912      86     474
     911      91     471
     906      93     472
     903      87     472
     907      89     470
     902      89     473
     905      94     470
     901      93     469
     900      97     469
     904     101     470
     907     105     469
     910     105     472
     916     105     472
     917     111     468
     916     110     464
     908     110     464
     913     109     463
     908     107     464
     914     103     467
     915     103     465
     915     101     462
     912     101     459
     909      97     461
     910      94     459
     912      91     456
     906      87     456
     901      87     456
     903      84     449
     900      84     447
     900      88     447
     902      90     446
     903      93     446
     906      94     451
     906      96     455
     905      95     457
     902      94     457
     905      87     459
     899      85     461
     892      84     462
     896      87     461
     899      83     455
     898      83     452
     895      86     450
     895      90     445
     899      96     444
     902      97     448
     908     101     449
     909     104     452
     911     101     453
     905     104     451
     905     101     451
     907      98     453
     902      97     455
     904      98     450
     902      95     452
     906      91     453
     905      89     451
     901      90     454
     898      89     454
     892      84     453
     888      87     453
     889      88     449
     884      84     445
     887      84     445
     889      86     441
     892      85     442
     892      87     440
     897      82     438
     900      89     439
     895      85     441
     894      90     442
     892      95     444
     892      99     446
     891     102     450
     892     105     449
     890     107     448
     888     102     449
     888      99     450
     892      96     451
     896      99     448
     896      97     447
     898      96     449
     898      98     453
     898     101     454
     897     102     456
     899     103     457
     896     100     459
     891      97     464
     889      95     463
     889      96     467
     888     100     466
     894     100     467
     893     104     467
     890     101     469
     889     107     465
     885     107     460
     883     113     457
     882     113     452
     884     111     451
     886     109     451
     884     104     448
     884     101     446
     883      96     443
     882      95     440
     881      97     439
     886      99     444
     885      99     446
     887      99     442
     883     100     440
     879     101     441
     879     104     441
     879     106     444
     877     106     449
     877     109     447
     884     112     445
     888     111     445
     891     109     449
     895     108     455
     897     108     453
     895     110     451
     891     114     455
     893     114     453
     890     112     458
     887     108     457
     890     106     456
     890     103     457
     889     100     458
     887      96     458
     885      93     457
     883      91     459
     879      85     462
     877      89     465
     876      92     461
     874      89     458
     878      88     453
     881      88     451
     880      87     444
     878      87     445
     879      84     445
     877      90     443
     877      94     448
     874      94     445
     872     100     448
     877     101     452
     874     100     449
     871     102     447
     874     100     454
     872      95     452
     871      91     449
     873      90     452
     874      87     448
     879      84     449
     883      86     450
     884      90     451
     881      93     448
     878      95     445
