     433     549     953
     432     554     947
     431     558     942
     432     564     937
     431     571     934
     431     578     937
     432     580     944
     429     586     940
     424     585     938
     417     587     937
     411     588     939
     415     587     943
     413     590     946
     413     588     949
     414     592     954
     410     595     957
     414     593     963
     410     594     961
     408     587     961
     406     586     959
     409     584     960
     414     582     959
     414     583     961
     415     579     959
     415     576     960
     412     576     959
     409     576     957
     409     572     955
     409     571     953
     405     572     951
     401     567     951
     402     569     944
     400     566     942
     405     571     939
     407     575     939
     409     581     937
     412     586     935
     412     589     935
     411     593     937
     413     593     933
     415     591     928
     416     587     932
     418     594     934
     416     594     940
     418     592     941
     425     593     942
     425     588     946
     423     595     947
     419     592     949
     417     589     950
     421     588     950
     423     591     954
     425     587     952
     423     590     955
     429     593     959
     430     587     956
     427     590     962
     426     583     960
     428     578     957
     423     578     957
     422     578     962
     421     573     965
     425     573     968
     427     570     972
     430     569     967
     423     566     966
     418     561     963
     412     560     958
     409     565     953
     407     569     953
     406     571     947
     403     574     944
     400     573     949
     396     579     947
     400     582     949
     401     585     949
     405     589     946
     407     587     948
     408     587     952
     412     586     952
     414     584     950
     414     583     948
     415     576     945
     414     574     942
     411     574     945
     410     577     948
     413     580     949
     415     579     947
     414     580     942
     418     580     940
     415     579     940
     417     578     943
     420     575     946
     421     572     951
     425     570     952
     423     574     954
     421     573     957
     420     569     955
     420     566     952
     414     565     952
     411     562     953
     416     562     952
     411     563     958
     414     568     961
     415     563     959
     413     562     965
     417     564     967
     422     559     967
     416     557     964
     418     564     964
     417     571     963
     418     571     963
     412     571     966
     406     574     968
     403     580     964
     401     583     963
     397     580     962
     397     576     960
     393     578     958
     394     575     963
     393     572     963
     397     569     966
     398     569     962
     402     568     965
     397     564     963
     392     566     964
     395     563     966
     401     558     965
     399     562     963
     402     566     967
     406     569     968
     405     571     969
     407     571     970
     410     573     971
     414     577     975
     415     579     974
     417     575     976
     422     577     971
     419     575     975
     418     581     970
     416     582     967
     415     585     964
     410     583     964
     406     581     961
     407     583     966
     405     589     970
     406     587     972
     399     590     974
     395     589     972
     396     589     978
     392     586     982
     396     584     986
     391     580     988
     394     578     989
     401     579     991
     396     581     991
     394     579     994
     398     573     995
     395     573    1001
     398     570     997
     400     568     991
     402     569     989
     403     572     984
     405     576     983
     401     575     982
     398     575     980
     398     579     978
     401     581     980
     396     580     974
     390     579     974
     385     574     971
     387     571     971
     384     566     968
     388     569     968
     389     566     972
     390     564     971
     391     558     974
     389     557     980
     386     558     973
     389     563     977
     389     566     979
     384     564     980
     386     562     981
     392     560     977
     389     564     982
     392     563     982
     391     569     987
     391     573     985
     394     576     982
     396     577     976
     394     578     977
     398     582     982
     401     580     983
     404     579     981
     401     577     984
     398     574     986
     398     574     978
     401     572     979
     405     572     981
     403     568     982
     403     565     979
     403     562     979
     404     557     977
     411     560     978
     414     558     977
     416     551     980
     417     550     982
     415     551     985
     413     552     985
     410     552     987
     407     553     984
     405     559     983
     407     561     983
     409     562     985
     413     563     979
     415     564     980
     421     565     982
     416     562     977
     418     556     978
     419     557     980
     420     555     984
     418     556     988
     412     553     992
     408     557     990
     400     557     990
     400     563     988
     400     562     986
     401     561     990
     402     557     990
     403     558     985
     406     560     987
     405     556     987
     407     555     987
     407     556     981
     410     553     981
     412     557     983
     416     559     983
     422     561     983
     424     564     986
     424     560     989
     430     557     990
     428     555     988
     426     552     990
     425     551     989
     423     550     991
     423     544     988
     417     546     992
     422     547     986
     419     551     992
     418     555     995
     414     558     997
     412     562     998
     411     562    1001
     411     563    1003
     416     564    1000
     417     564     997
     415     563     992
     412     559     994
     413     557     993
     412     557     991
     410     558     991
     408     563     992
     409     566     992
     405     565     992
     411     569     991
     414     574     989
     415     576     991
     413     580     990
     413     579     994
     407     579     993
     405     580     995
     406     582     994
     406     578    1000
     411     575    1002
     412     575    1007
     411     571    1010
     413     568    1008
     412     567    1006
     417     564    1004
     420     562    1003
     424     558    1000
     426     556    1001
     426     556    1003
     419     559    1001
     420     561    1000
     420     558    1001
     422     557    1005
     424     558    1007
     423     561    1009
     421     564    1010
     421     568    1009
     420     567    1012
     414     563    1011
     411     562    1009
     408     563    1003
     405     566     999
     403     564     999
     405     564    1002
     404     569    1007
     403     568    1005
     405     571    1004
     409     570    1003
     410     570    1000
     411     570     997
     413     571     995
     417     570     992
     422     570     993
     423     572     992
     428     575     987
     428     578     990
     429     576     994
     433     573     993
     430     567     993
     430     561     994
     431     558     995
     434     560     995
     433     558     992
     433     559     999
     430     565    1000
     433     563    1002
     430     567    1006
     424     570    1004
     427     568    1005
     430     567    1009
     428     572    1004
     432     570    1001
     436     567     999
     433     568     996
     436     564     995
     433     561     990
     428     563     990
     426     564     992
     426     563     997
     429     562    1002
