     816    1434    1441
     814    1427    1444
     811    1421    1447
     809    1416    1452
     808    1409    1455
     807    1403    1460
     811    1401    1464
     807    1403    1470
     810    1398    1469
     813    1394    1473
     814    1392    1476
     817    1397    1478
     818    1399    1480
     820    1402    1477
     819    1407    1473
     816    1410    1469
     821    1416    1470
     820    1412    1465
     826    1407    1465
     824    1409    1468
     828    1409    1469
     827    1409    1473
     829    1410    1473
     831    1407    1475
     835    1406    1475
     833    1408    1475
     834    1403    1472
     835    1398    1473
     836    1396    1472
     836    1389    1474
     841    1388    1479
     835    1386    1481
     833    1384    1484
     828    1385    1481
     825    1386    1479
     819    1387    1480
     815    1389    1479
     811    1390    1479
     812    1393    1483
     807    1390    1479
     807    1388    1486
     814    1389    1485
     808    1392    1481
     810    1397    1481
     810    1399    1477
     809    1406    1476
     810    1406    1480
     811    1408    1484
     817    1403    1483
     820    1403    1481
     815    1408    1481
     818    1410    1483
     819    1408    1485
     818    1414    1480
     818    1419    1486
     821    1413    1490
     823    1416    1486
     828    1410    1486
     830    1407    1484
     831    1408    1480
     834    1408    1480
     838    1411    1482
     839    1413    1484
     842    1417    1488
     840    1413    1491
     841    1407    1488
     844    1405    1488
     844    1399    1485
     839    1397    1483
     840    1393    1477
     833    1393    1479
     832    1390    1482
     833    1395    1484
     831    1396    1486
     829    1399    1488
     826    1396    1489
     822    1398    1485
     822    1400    1478
     821    1403    1471
     822    1403    1474
     822    1401    1475
     823    1398    1475
     825    1393    1470
     826    1390    1474
     828    1390    1473
     828    1394    1475
     824    1398    1473
     823    1397    1470
     822    1392    1475
     818    1391    1471
     820    1389    1473
     822    1392    1468
     829    1394    1467
     835    1395    1468
     835    1398    1466
     835    1401    1473
     836    1403    1476
     839    1400    1473
     842    1399    1467
     842    1398    1469
     845    1397    1471
     844    1395    1478
     845    1399    1475
     844    1403    1477
     842    1404    1479
     846    1409    1479
     847    1406    1483
     853    1401    1483
     851    1404    1483
     846    1406    1478
     843    1408    1477
     841    1409    1477
     841    1412    1470
     844    1410    1467
     837    1409    1464
     832    1407    1461
     835    1409    1459
     831    1412    1456
     829    1406    1457
     834    1410    1453
     834    1415    1454
     831    1420    1458
     832    1420    1462
     830    1423    1465
     836    1421    1462
     835    1419    1455
     834    1416    1455
     831    1420    1461
     831    1427    1458
     834    1425    1464
     836    1423    1467
     835    1428    1470
     838    1421    1471
     836    1423    1473
     831    1425    1476
     834    1423    1477
     838    1425    1480
     837    1418    1482
     839    1419    1477
     832    1418    1478
     830    1416    1475
     828    1413    1474
     831    1411    1470
     830    1410    1466
     835    1410    1467
     839    1410    1465
     842    1412    1466
     845    1413    1466
     845    1415    1466
     847    1422    1465
     853    1427    1464
     858    1426    1464
     860    1430    1469
     862    1427    1471
     864    1421    1469
     865    1424    1472
     865    1425    1467
     869    1419    1470
     873    1424    1466
     868    1419    1465
     863    1415    1465
     862    1414    1467
     858    1414    1471
     861    1418    1475
     857    1418    1473
     855    1418    1470
     852    1422    1470
     854    1419    1465
     850    1420    1466
     847    1424    1461
     844    1428    1455
     843    1425    1456
     841    1425    1450
     841    1421    1454
     842    1417    1453
     842    1418    1452
     844    1412    1448
     848    1408    1449
     846    1409    1454
     848    1415    1453
     848    1417    1451
     849    1416    1447
     849    1413    1449
     848    1411    1455
     850    1412    1455
     852    1413    1455
     855    1420    1453
     855    1421    1459
     854    1422    1465
     850    1425    1471
     850    1424    1475
     854    1425    1474
     859    1423    1476
     855    1421    1477
     859    1420    1473
     858    1418    1468
     853    1418    1474
     854    1417    1476
     857    1413    1476
     858    1410    1473
     855    1406    1471
     855    1404    1470
     856    1401    1472
     858    1395    1468
     854    1392    1466
     856    1390    1460
     859    1389    1459
     859    1393    1457
     859    1395    1458
     858    1399    1456
     854    1402    1461
     856    1403    1463
     857    1402    1466
     861    1401    1466
     858    1396    1471
     861    1395    1473
     869    1395    1473
     862    1392    1471
     859    1389    1466
     861    1390    1465
     865    1391    1462
     868    1395    1461
     867    1399    1462
     863    1401    1461
     866    1405    1467
     865    1407    1470
     862    1407    1470
     864    1406    1467
     858    1407    1462
     856    1405    1464
     859    1405    1462
     860    1403    1463
     858    1402    1459
     854    1400    1462
     855    1396    1462
     857    1397    1461
     862    1395    1464
     867    1389    1465
     871    1395    1463
     872    1393    1461
     875    1387    1457
     872    1387    1459
     870    1388    1455
     868    1387    1458
     867    1389    1453
     862    1386    1451
     860    1392    1450
     864    1388    1453
     867    1393    1453
     869    1397    1454
     869    1402    1455
     870    1407    1455
     872    1408    1456
     874    1410    1453
     874    1407    1452
     872    1404    1450
     868    1401    1452
     866    1403    1455
     865    1401    1455
     861    1401    1455
     861    1404    1457
     864    1407    1459
     864    1409    1457
     862    1411    1459
     861    1411    1455
     861    1411    1447
     862    1410    1445
     862    1414    1446
     865    1416    1445
     861    1419    1450
     862    1422    1453
     862    1424    1451
     868    1423    1450
     874    1418    1451
     878    1420    1454
     881    1417    1457
     879    1414    1459
     878    1413    1457
     878    1407    1455
     878    1403    1458
     878    1398    1455
     880    1397    1452
     883    1399    1452
     879    1403    1449
     878    1403    1454
     879    1403    1452
     883    1403    1451
     885    1404    1453
     885    1405    1455
     884    1408    1458
     884    1408    1462
     885    1411    1461
     878    1409    1464
     877    1410    1463
     873    1410    1460
     868    1414    1459
     867    1414    1460
     871    1413    1461
     875    1419    1459
     873    1418    1461
     873    1419    1457
     873    1415    1454
     870    1414    1454
     868    1413    1453
     869    1412    1449
     868    1407    1446
     872    1404    1444
     869    1401    1442
     872    1395    1441
     877    1397    1439
     876    1392    1443
     880    1393    1447
     880    1391    1452
     879    1392    1459
     880    1389    1456
     881    1389    1461
     879    1387    1460
     884    1391    1456
     883    1396    1461
     886    1395    1461
     886    1400    1463
     883    1403    1464
     888    1402    1458
     890    1403    1462
     885    1400    1467
     889    1396    1463
     889    1392    1457
     886    1391    1462
     885    1388    1459
     880    1389    1464
     877    1391    1463
     877    1395    1457
     880    1397    1459
     882    1398    1460
