    1602    1654    1546
    1599    1654    1539
    1599    1660    1534
    1594    1661    1529
    1587    1663    1527
    1582    1657    1527
    1578    1653    1531
    1580    1649    1525
    1575    1650    1524
    1570    1645    1521
    1569    1641    1520
    1570    1638    1524
    1572    1636    1525
    1573    1637    1529
    1579    1639    1532
    1585    1643    1533
    1586    1636    1536
    1587    1639    1536
    1584    1634    1541
    1581    1639    1539
    1577    1638    1540
    1574    1639    1541
    1573    1639    1542
    1570    1639    1543
    1568    1639    1546
    1569    1637    1546
    1567    1642    1543
    1561    1639    1541
    1559    1641    1541
    1555    1636    1537
    1558    1629    1536
    1553    1633    1532
    1553    1630    1527
    1556    1635    1526
    1557    1638    1526
    1561    1638    1521
    1565    1640    1519
    1567    1643    1515
    1570    1637    1516
    1572    1643    1513
    1566    1641    1509
    1565    1637    1515
    1570    1642    1514
    1575    1640    1518
    1576    1642    1521
    1583    1643    1524
    1582    1639    1523
    1583    1636    1521
    1578    1636    1527
    1575    1635    1528
    1581    1634    1524
    1580    1630    1527
    1577    1629    1524
    1582    1631    1529
    1585    1624    1528
    1580    1623    1524
    1581    1624    1530
    1575    1625    1535
    1569    1629    1538
    1571    1631    1540
    1568    1632    1546
    1567    1627    1547
    1566    1625    1549
    1564    1619    1548
    1560    1618    1543
    1562    1623    1547
    1557    1623    1546
    1554    1628    1545
    1558    1630    1540
    1560    1631    1539
    1559    1635    1535
    1557    1633    1530
    1559    1629    1534
    1564    1627    1534
    1565    1626    1529
    1566    1626    1527
    1569    1631    1526
    1571    1636    1530
    1575    1642    1533
    1573    1639    1533
    1572    1640    1532
    1569    1641    1532
    1565    1647    1532
    1560    1642    1529
    1560    1641    1532
    1563    1639    1533
    1568    1642    1532
    1567    1645    1532
    1565    1642    1527
    1566    1647    1525
    1563    1645    1525
    1564    1647    1528
    1562    1647    1535
    1559    1645    1540
    1563    1647    1544
    1564    1642    1544
    1564    1639    1546
    1561    1639    1546
    1557    1644    1550
    1556    1642    1547
    1555    1641    1550
    1552    1636    1545
    1556    1635    1550
    1560    1632    1547
    1559    1632    1549
    1560    1627    1553
    1559    1625    1552
    1557    1625    1559
    1552    1628    1555
    1556    1631    1553
    1563    1632    1550
    1567    1632    1551
    1571    1634    1553
    1578    1632    1552
    1583    1636    1548
    1584    1641    1546
    1584    1644    1548
    1579    1649    1547
    1582    1648    1546
    1586    1646    1552
    1584    1647    1556
    1577    1646    1557
    1574    1647    1553
    1573    1645    1555
    1574    1644    1556
    1581    1646    1558
    1580    1647    1554
    1573    1650    1552
    1574    1652    1558
    1569    1649    1554
    1568    1645    1557
    1566    1645    1562
    1567    1642    1557
    1567    1640    1559
    1564    1640    1562
    1563    1638    1560
    1563    1635    1562
    1567    1632    1557
    1571    1631    1555
    1571    1633    1552
    1573    1635    1549
    1575    1634    1542
    1577    1636    1544
    1579    1640    1544
    1578    1633    1543
    1576    1628    1539
    1574    1627    1540
    1574    1619    1540
    1577    1621    1540
    1576    1616    1542
    1575    1616    1547
    1576    1611    1549
    1579    1609    1547
    1580    1608    1553
    1581    1610    1557
    1578    1608    1555
    1575    1608    1553
    1576    1611    1560
    1569    1614    1558
    1571    1619    1560
    1576    1622    1562
    1578    1620    1560
    1582    1620    1557
    1585    1614    1557
    1586    1615    1555
    1583    1619    1552
    1583    1620    1549
    1578    1620    1551
    1578    1622    1549
    1581    1627    1550
    1584    1633    1554
    1584    1635    1556
    1589    1637    1560
    1587    1642    1559
    1582    1640    1560
    1582    1641    1562
    1579    1643    1568
    1581    1638    1571
    1587    1639    1568
    1582    1636    1565
    1582    1637    1567
    1575    1637    1567
    1577    1637    1569
    1576    1636    1565
    1577    1634    1564
    1575    1633    1566
    1572    1627    1562
    1575    1622    1557
    1580    1619    1553
    1585    1623    1549
    1588    1618    1546
    1585    1614    1547
    1587    1613    1551
    1584    1611    1552
    1586    1611    1554
    1582    1616    1556
    1587    1618    1551
    1590    1617    1554
    1591    1621    1555
    1589    1619    1560
    1588    1622    1561
    1592    1623    1564
    1595    1619    1566
    1592    1614    1569
    1594    1614    1570
    1594    1614    1578
    1593    1615    1581
    1590    1618    1580
    1589    1618    1578
    1590    1623    1577
    1589    1624    1574
    1588    1623    1569
    1588    1619    1568
    1585    1616    1569
    1591    1612    1567
    1588    1608    1569
    1584    1606    1575
    1585    1608    1568
    1590    1608    1574
    1591    1610    1577
    1587    1611    1580
    1583    1615    1581
    1583    1622    1579
    1583    1619    1573
    1583    1626    1570
    1584    1625    1563
    1587    1625    1563
    1583    1624    1566
    1584    1625    1569
    1588    1625    1568
    1584    1621    1570
    1585    1626    1573
    1586    1623    1573
    1592    1620    1572
    1592    1618    1573
    1589    1616    1573
    1587    1612    1575
    1586    1607    1581
    1582    1607    1582
    1582    1610    1585
    1582    1609    1591
    1584    1611    1589
    1584    1617    1590
    1586    1615    1589
    1586    1617    1588
    1592    1618    1590
    1592    1621    1585
    1591    1616    1587
    1584    1618    1585
    1580    1620    1583
    1577    1621    1580
    1573    1618    1576
    1572    1622    1576
    1568    1620    1576
    1570    1617    1578
    1572    1614    1578
    1576    1613    1576
    1578    1617    1576
    1580    1619    1578
    1582    1620    1577
    1582    1621    1574
    1579    1621    1571
    1577    1617    1570
    1578    1619    1568
    1577    1615    1568
    1574    1608    1567
    1571    1606    1569
    1570    1607    1566
    1566    1608    1566
    1567    1613    1561
    1567    1614    1559
    1565    1615    1560
    1561    1615    1566
    1562    1617    1572
    1559    1622    1574
    1560    1625    1577
    1564    1626    1578
    1567    1625    1577
    1569    1622    1582
    1571    1620    1585
    1573    1616    1587
    1569    1612    1586
    1566    1612    1587
    1566    1613    1582
    1570    1617    1583
    1567    1615    1583
    1564    1614    1585
    1563    1617    1587
    1565    1621    1588
    1563    1623    1586
    1567    1626    1587
    1564    1627    1586
    1568    1629    1581
    1569    1628    1578
    1571    1625    1575
    1571    1622    1568
    1572    1623    1567
    1571    1626    1571
    1564    1625    1570
    1566    1625    1568
    1564    1621    1569
    1566    1622    1572
    1568    1619    1571
    1570    1617    1571
    1569    1613    1571
    1572    1608    1574
    1573    1607    1578
    1572    1603    1579
    1566    1600    1582
    1570    1597    1581
    1567    1600    1586
    1567    1604    1588
    1573    1605    1589
    1574    1610    1590
    1576    1609    1592
    1578    1611    1595
    1580    1611    1595
    1574    1611    1595
    1572    1614    1593
    1573    1616    1595
    1572    1623    1593
    1571    1623    1591
    1565    1619    1593
    1567    1622    1596
    1574    1623    1595
    1572    1618    1598
    1569    1611    1598
    1571    1605    1595
    1573    1609    1597
    1578    1606    1593
    1578    1606    1587
    1575    1609    1586
    1573    1613    1589
    1570    1616    1591
