     397     688    1093
     400     693    1089
     404     697    1086
     411     700    1084
     418     699    1084
     422     700    1079
     425     694    1075
     425     700    1070
     430     702    1075
     436     706    1073
     438     707    1071
     438     702    1069
     438     701    1065
     437     696    1066
     433     692    1066
     430     687    1067
     432     682    1063
     430     682    1068
     436     683    1072
     438     683    1069
     442     684    1068
     441     685    1066
     442     685    1063
     444     686    1063
     448     686    1062
     448     684    1067
     448     687    1069
     451     691    1070
     452     691    1071
     453     692    1075
     458     692    1080
     455     696    1082
     458     700    1083
     452     702    1082
     448     702    1080
     446     707    1075
     442     709    1072
     439     712    1075
     439     711    1068
     433     713    1071
     438     717    1067
     444     713    1069
     437     713    1071
     434     708    1066
     432     705    1067
     427     704    1063
     431     701    1062
     432     704    1057
     438     703    1059
     439     700    1061
     432     697    1060
     434     696    1057
     437     698    1056
     434     691    1057
     431     691    1050
     436     695    1049
     436     689    1051
     442     692    1055
     446     693    1052
     445     690    1057
     447     685    1056
     451     682    1056
     451     680    1052
     456     676    1050
     456     681    1048
     458     682    1055
     464     683    1060
     465     688    1066
     460     692    1070
     455     691    1074
     454     694    1075
     456     700    1077
     461     695    1077
     462     701    1072
     456     704    1068
     452     706    1062
     445     703    1063
     442     698    1066
     438     692    1069
     437     691    1070
     440     695    1068
     440     696    1070
     441     695    1077
     444     697    1079
     447     696    1076
     447     695    1072
     441     695    1071
     440     695    1074
     443     701    1073
     438     701    1078
     440     702    1077
     444     701    1076
     447     699    1069
     450     695    1063
     451     696    1056
     450     693    1057
     451     691    1058
     454     692    1060
     458     694    1058
     457     694    1063
     461     694    1066
     462     695    1062
     461     689    1067
     456     687    1066
     460     686    1063
     462     682    1064
     460     680    1061
     462     683    1068
     467     684    1062
     460     683    1059
     454     683    1061
     453     682    1061
     453     677    1064
     451     677    1071
     449     676    1069
     449     677    1070
     456     674    1071
     463     676    1071
     464     680    1074
     461     675    1075
     461     672    1075
     460     669    1069
     458     670    1072
     454     666    1068
     460     670    1071
     463     667    1073
     466     670    1072
     465     669    1065
     462     662    1067
     458     664    1065
     457     670    1062
     453     666    1062
     452     671    1067
     451     669    1060
     446     666    1060
     446     670    1058
     447     670    1054
     447     676    1054
     443     673    1060
     443     677    1058
     442     680    1059
     439     681    1062
     442     680    1065
     444     680    1068
     443     680    1071
     439     676    1071
     440     670    1070
     438     672    1077
     440     669    1076
     439     674    1080
     438     678    1082
     443     684    1082
     441     684    1084
     445     687    1087
     445     682    1091
     444     685    1090
     443     686    1090
     449     686    1093
     456     688    1094
     458     681    1097
     455     676    1093
     454     677    1093
     451     674    1089
     448     675    1088
     449     677    1087
     452     677    1085
     448     675    1082
     451     677    1083
     448     673    1080
     449     667    1080
     453     661    1077
     457     662    1079
     461     661    1081
     459     665    1079
     463     668    1081
     466     667    1081
     470     670    1084
     467     669    1091
     466     664    1087
     464     668    1087
     464     672    1086
     470     674    1085
     468     673    1088
     469     676    1083
     465     675    1087
     465     678    1088
     466     682    1089
     460     682    1085
     454     682    1084
     454     681    1080
     454     681    1081
     446     681    1081
     449     679    1083
     448     685    1083
     447     683    1086
     449     679    1089
     453     678    1083
     450     673    1083
     450     670    1084
     452     668    1090
     453     668    1091
     449     664    1092
     446     662    1095
     442     666    1095
     438     670    1096
     436     667    1103
     435     669    1105
     439     670    1107
     441     670    1105
     445     667    1107
     446     665    1101
     449     668    1098
     448     667    1098
     447     671    1098
     441     670    1093
     438     669    1092
     436     676    1095
     437     675    1093
     435     670    1098
     435     673    1099
     436     675    1103
     440     677    1104
     445     673    1107
     448     674    1101
     455     672    1098
     456     669    1095
     455     666    1094
     457     669    1101
     455     668    1103
     453     666    1100
     450     671    1100
     450     668    1102
     450     669    1104
     445     666    1099
     443     666    1102
     443     670    1101
     441     674    1099
     436     679    1099
     439     684    1102
     437     683    1104
     433     686    1107
     433     683    1107
     433     680    1110
     434     678    1110
     434     677    1112
     433     673    1115
     435     670    1113
     431     674    1110
     438     676    1111
     443     678    1111
     448     678    1111
     452     680    1110
     455     680    1111
     455     683    1111
     451     684    1110
     449     684    1108
     447     681    1105
     448     678    1106
     447     675    1108
     447     673    1107
     450     671    1107
     453     675    1104
     453     678    1102
     454     677    1100
     455     680    1099
     454     687    1097
     452     690    1097
     455     691    1094
     458     692    1096
     462     686    1093
     459     689    1092
     463     691    1092
     466     691    1099
     461     692    1105
     463     692    1110
     462     690    1114
     459     689    1114
     458     686    1113
     452     686    1115
     448     686    1115
     442     686    1115
     441     686    1117
     441     686    1119
     447     682    1116
     447     685    1114
     446     683    1115
     444     685    1119
     446     688    1120
     448     689    1121
     452     690    1120
     453     694    1116
     455     692    1119
     458     686    1120
     459     682    1117
     458     680    1112
     460     680    1105
     460     677    1105
     461     678    1109
     464     684    1109
     463     684    1107
     462     687    1106
     460     686    1108
     458     685    1106
     456     684    1104
     453     688    1104
     449     688    1102
     446     689    1103
     445     693    1101
     444     699    1097
     440     698    1096
     445     700    1101
     440     699    1103
     438     694    1105
     439     690    1105
     435     690    1111
     433     692    1111
     432     689    1110
     436     692    1114
     441     694    1112
     439     695    1115
     445     698    1117
     449     695    1113
     447     696    1115
     447     698    1119
     447     699    1112
     443     699    1111
     438     700    1112
     438     698    1109
     435     696    1109
     433     692    1107
     437     688    1104
     440     688    1106
     441     690    1111
     442     692    1115
