     937     233    1498
     940     228    1502
     944     224    1506
     946     222    1513
     952     220    1517
     956     214    1518
     953     208    1518
     960     208    1516
     959     206    1521
     962     201    1525
     964     198    1526
     962     195    1522
     964     193    1519
     960     193    1516
     956     197    1513
     953     201    1510
     951     198    1504
     948     200    1508
     947     194    1513
     949     194    1510
     949     190    1510
     952     189    1510
     952     187    1507
     952     185    1510
     952     181    1510
     950     183    1512
     948     184    1516
     948     183    1521
     948     183    1523
     949     183    1530
     949     178    1533
     953     181    1535
     957     181    1537
     957     186    1535
     958     189    1533
     963     192    1532
     964     197    1530
     967     201    1529
     970     197    1526
     971     203    1527
     974     198    1532
     970     192    1531
     971     198    1529
     968     200    1522
     966     201    1520
     965     204    1514
     967     201    1513
     969     198    1511
     968     193    1515
     963     192    1515
     964     197    1510
     965     194    1508
     967     191    1509
     962     195    1505
     966     194    1499
     969     189    1502
     963     189    1499
     963     184    1505
     963     181    1509
     959     183    1508
     957     180    1506
     954     175    1505
     958     174    1502
     958     168    1499
     963     169    1501
     960     170    1506
     958     167    1513
     957     169    1520
     956     174    1525
     952     177    1527
     954     182    1528
     958     182    1531
     959     178    1528
     963     179    1526
     965     181    1522
     968     181    1522
     966     188    1520
     961     190    1519
     955     194    1516
     957     192    1515
     958     192    1517
     957     193    1520
     951     194    1525
     953     192    1529
     952     189    1527
     954     188    1525
     955     192    1521
     952     195    1522
     957     194    1526
     956     200    1527
     957     197    1529
     953     197    1527
     949     191    1525
     951     184    1522
     955     181    1517
     959     179    1514
     957     179    1514
     952     179    1515
     946     178    1520
     946     176    1522
     944     175    1523
     951     172    1523
     948     172    1520
     949     174    1515
     950     171    1517
     949     168    1512
     950     168    1510
     952     162    1509
     955     165    1514
     953     170    1513
     952     175    1510
     950     176    1509
     945     176    1509
     941     180    1508
     941     188    1508
     940     192    1512
     936     190    1518
     936     188    1521
     938     187    1525
     935     181    1526
     932     182    1522
     933     181    1516
     935     180    1517
     932     182    1511
     933     178    1517
     928     183    1519
     931     181    1522
     932     183    1516
     928     186    1511
     931     183    1510
     937     179    1509
     939     178    1506
     939     178    1509
     942     178    1502
     944     179    1497
     945     181    1497
     947     174    1498
     954     175    1498
     950     175    1498
     951     182    1499
     951     185    1502
     951     189    1505
     947     188    1507
     944     189    1513
     943     188    1509
     940     190    1503
     934     186    1500
     931     179    1498
     929     180    1499
     930     173    1497
     927     168    1499
     930     162    1500
     936     164    1497
     937     161    1501
     940     159    1506
     939     158    1503
     937     157    1501
     936     154    1507
     930     150    1506
     931     153    1513
     932     158    1515
     934     159    1514
     936     165    1513
     938     165    1510
     935     165    1509
     930     166    1509
     929     169    1507
     927     165    1508
     929     172    1505
     923     173    1506
     920     178    1511
     922     176    1514
     920     179    1519
     923     181    1522
     926     174    1520
     925     175    1521
     925     171    1527
     924     166    1528
     923     173    1528
     925     169    1524
     923     169    1520
     919     166    1523
     918     167    1521
     925     167    1521
     923     166    1518
     924     163    1521
     920     159    1516
     923     162    1510
     928     163    1506
     927     168    1505
     927     163    1503
     933     167    1501
     938     166    1505
     940     165    1504
     937     163    1507
     934     162    1508
     932     168    1510
     934     168    1510
     937     168    1514
     936     166    1517
     938     167    1523
     939     165    1528
     943     164    1530
     949     160    1527
     951     161    1527
     955     156    1524
     955     154    1520
     952     154    1520
     949     154    1521
     946     154    1519
     945     158    1518
     942     161    1523
     941     160    1526
     941     156    1529
     947     161    1530
     946     155    1534
     949     148    1533
     952     155    1532
     953     154    1529
     953     154    1527
     953     149    1524
     950     147    1524
     945     150    1522
     943     155    1518
     936     157    1519
     934     161    1522
     936     164    1523
     934     158    1527
     935     157    1526
     938     160    1524
     939     157    1523
     942     158    1520
     940     156    1525
     945     160    1522
     948     159    1523
     946     156    1524
     947     156    1519
     947     152    1513
     944     147    1510
     947     146    1511
     952     141    1511
     951     145    1509
     954     145    1512
     955     145    1516
     956     146    1518
     960     149    1514
     956     153    1512
     958     149    1516
     952     148    1516
     947     144    1520
     940     145    1521
     936     144    1524
     933     143    1523
     933     141    1524
     936     140    1524
     939     141    1526
     943     145    1525
     940     148    1524
     942     148    1524
     942     151    1522
     939     152    1522
     936     151    1524
     934     151    1520
     933     154    1520
     934     151    1515
     933     148    1509
     933     145    1507
     930     149    1506
     925     148    1508
     921     154    1511
     924     152    1508
     919     153    1507
     920     148    1513
     924     142    1513
     923     138    1515
     924     136    1519
     927     136    1521
     929     139    1520
     933     137    1520
     938     136    1519
     944     136    1519
     946     133    1521
     944     131    1521
     941     135    1527
     940     137    1522
     941     135    1525
     941     132    1524
     939     129    1521
     937     129    1521
     933     130    1521
     931     132    1516
     930     130    1519
     929     133    1526
     929     137    1527
     930     143    1526
     928     149    1522
     928     151    1523
     928     147    1525
     923     144    1522
     924     145    1521
     925     144    1517
     927     143    1519
     929     145    1519
     931     146    1517
     934     145    1515
     938     145    1513
     943     142    1518
     949     139    1522
     955     136    1526
     959     134    1521
     955     134    1523
     952     131    1520
     951     134    1516
     949     137    1511
     951     135    1511
     948     136    1508
     950     136    1507
     948     132    1512
     941     134    1510
     941     131    1510
     935     129    1510
     935     133    1513
     938     127    1515
     935     127    1512
     935     133    1507
     940     129    1508
     946     127    1510
     945     130    1507
     949     132    1508
     946     139    1506
     946     141    1510
     945     139    1515
     943     136    1514
     941     132    1514
