    1092     949     414
    1100     949     414
    1107     949     417
    1112     948     423
    1117     946     428
    1120     943     434
    1124     939     439
    1123     936     432
    1123     933     437
    1124     926     440
    1124     924     438
    1129     925     437
    1132     925     434
    1134     928     435
    1136     934     433
    1135     940     433
    1142     940     431
    1139     943     435
    1143     939     438
    1140     939     440
    1143     935     442
    1143     933     439
    1144     932     441
    1146     929     440
    1150     929     441
    1148     928     439
    1146     928     445
    1145     921     446
    1145     920     448
    1142     914     450
    1146     910     448
    1140     908     444
    1139     905     442
    1134     910     443
    1132     912     443
    1128     915     439
    1125     918     438
    1120     921     437
    1123     920     433
    1117     922     434
    1118     915     431
    1125     915     432
    1120     918     434
    1124     923     431
    1124     928     431
    1126     933     427
    1128     929     425
    1130     927     423
    1132     925     429
    1134     927     431
    1134     931     427
    1137     928     425
    1137     925     426
    1139     932     424
    1143     928     419
    1141     922     421
    1144     926     422
    1145     923     429
    1145     923     432
    1146     927     434
    1150     926     435
    1152     923     431
    1155     923     430
    1157     920     423
    1153     916     423
    1155     918     430
    1154     914     430
    1152     911     437
    1148     914     439
    1147     916     443
    1143     915     442
    1140     911     441
    1143     913     438
    1142     917     433
    1140     913     431
    1137     915     431
    1135     922     434
    1133     929     437
    1135     933     439
    1135     932     442
    1136     927     438
    1135     927     441
    1134     926     448
    1133     919     446
    1136     918     446
    1138     920     444
    1136     924     440
    1134     924     445
    1132     921     442
    1127     923     445
    1128     920     445
    1130     924     448
    1137     924     450
    1144     923     451
    1147     926     451
    1147     924     444
    1153     926     443
    1150     923     445
    1153     922     452
    1152     920     450
    1154     918     450
    1152     913     446
    1155     917     445
    1154     919     442
    1155     919     439
    1158     920     436
    1157     916     435
    1160     909     435
    1159     909     440
    1157     916     440
    1156     923     439
    1156     926     439
    1157     933     440
    1156     932     446
    1151     938     447
    1147     943     445
    1154     944     445
    1154     945     443
    1152     946     437
    1156     947     441
    1161     945     443
    1159     945     436
    1159     939     438
    1161     941     432
    1163     938     439
    1164     945     440
    1167     945     437
    1169     940     432
    1167     947     433
    1164     941     433
    1162     936     436
    1160     939     429
    1159     934     435
    1159     935     429
    1155     938     426
    1154     935     425
    1158     931     423
    1156     928     428
    1156     929     425
    1151     932     430
    1149     934     432
    1146     933     434
    1147     935     438
    1148     938     440
    1147     936     447
    1146     937     451
    1153     936     452
    1155     935     459
    1155     941     458
    1161     940     462
    1164     935     466
    1171     932     465
    1173     928     467
    1171     926     465
    1167     922     461
    1167     922     464
    1171     921     464
    1175     920     459
    1175     914     464
    1174     915     458
    1171     918     452
    1168     918     453
    1164     924     453
    1163     927     457
    1167     927     457
    1166     931     457
    1167     935     458
    1170     935     456
    1164     936     456
    1164     942     455
    1168     947     452
    1166     942     447
    1171     948     447
    1167     946     446
    1171     943     444
    1172     941     443
    1178     942     439
    1180     939     440
    1178     946     443
    1175     939     444
    1177     939     447
    1181     941     449
    1182     940     445
    1177     936     443
    1177     935     445
    1179     933     446
    1183     933     452
    1179     933     455
    1175     930     457
    1173     934     456
    1173     936     459
    1168     933     462
    1166     926     462
    1165     925     459
    1172     928     459
    1172     928     456
    1170     931     454
    1167     931     453
    1163     929     451
    1166     926     450
    1166     927     445
    1168     928     443
    1168     928     439
    1172     927     433
    1169     926     431
    1171     921     428
    1171     918     427
    1173     918     430
    1170     916     432
    1170     916     436
    1168     920     435
    1169     923     441
    1172     924     441
    1174     923     440
    1175     929     435
    1178     931     432
    1181     926     432
    1174     927     429
    1177     925     428
    1177     923     428
    1178     919     428
    1175     913     431
    1172     912     437
    1171     916     439
    1167     916     445
    1166     918     448
    1166     921     447
    1170     919     447
    1174     922     445
    1170     922     443
    1174     922     442
    1169     918     440
    1173     920     439
    1169     924     437
    1171     923     434
    1177     923     436
    1179     923     434
    1185     921     432
    1188     918     435
    1186     915     433
    1187     912     427
    1186     914     426
    1182     911     425
    1180     914     425
    1179     912     426
    1175     911     420
    1170     912     426
    1175     912     425
    1177     911     429
    1178     910     434
    1179     910     440
    1180     910     445
    1180     909     448
    1181     907     448
    1182     907     445
    1178     905     443
    1176     909     439
    1175     912     441
    1176     913     439
    1175     915     438
    1177     918     441
    1175     916     445
    1178     917     446
    1176     920     448
    1181     921     446
    1188     923     443
    1186     924     445
    1188     925     445
    1191     923     447
    1185     927     450
    1185     926     456
    1188     929     454
    1188     922     456
    1190     916     453
    1191     912     456
    1190     907     456
    1188     907     453
    1186     908     451
    1188     907     447
    1187     905     442
    1186     905     436
    1185     901     435
    1187     900     436
    1181     901     441
    1184     904     441
    1183     901     441
    1186     898     441
    1190     899     442
    1190     899     444
    1191     901     447
    1193     906     448
    1193     903     450
    1186     901     453
    1182     903     453
    1180     909     451
    1178     913     452
    1177     916     452
    1178     911     453
    1183     911     458
    1180     911     457
    1183     914     457
    1186     913     453
    1184     914     450
    1184     916     448
    1186     917     445
    1187     916     441
    1183     910     438
    1180     904     434
    1175     899     431
    1177     896     429
    1180     899     426
    1184     899     429
    1187     903     429
    1188     906     430
    1190     907     427
    1193     909     429
    1192     910     426
    1192     904     430
    1195     908     436
    1196     904     435
    1198     905     441
    1195     908     443
    1196     901     441
    1199     903     443
    1199     910     441
    1200     906     436
    1197     901     431
    1198     906     431
    1196     906     428
    1194     913     430
    1190     913     431
    1188     911     434
    1190     907     436
    1193     905     437
