    1070     681    1452
    1070     674    1454
    1071     667    1451
    1075     662    1453
    1079     656    1453
    1083     653    1447
    1090     653    1444
    1087     660    1443
    1091     657    1441
    1096     658    1435
    1098     659    1433
    1100     661    1435
    1099     663    1439
    1101     665    1442
    1100     662    1447
    1098     658    1451
    1101     659    1455
    1102     654    1454
    1109     655    1453
    1106     659    1451
    1110     659    1450
    1111     658    1446
    1112     658    1446
    1114     663    1446
    1116     666    1447
    1117     663    1445
    1114     666    1445
    1116     670    1439
    1116     673    1439
    1116     673    1434
    1120     675    1432
    1114     679    1431
    1110     681    1429
    1108     676    1427
    1106     672    1427
    1101     667    1428
    1098     662    1428
    1096     660    1428
    1094     657    1430
    1091     658    1428
    1089     662    1424
    1095     666    1427
    1091     664    1429
    1093     664    1433
    1092     663    1436
    1088     667    1440
    1091     670    1440
    1093     673    1437
    1095     669    1440
    1098     668    1442
    1099     671    1439
    1098     674    1439
    1097     675    1441
    1096     672    1446
    1094     679    1449
    1097     681    1448
    1099     675    1452
    1106     673    1450
    1107     676    1448
    1110     669    1448
    1117     666    1446
    1121     664    1443
    1128     663    1442
    1126     660    1435
    1129     663    1434
    1128     667    1438
    1129     670    1437
    1129     675    1439
    1122     673    1436
    1119     673    1437
    1112     676    1436
    1108     677    1432
    1109     681    1438
    1106     680    1445
    1105     674    1450
    1099     670    1453
    1098     664    1448
    1101     660    1442
    1103     658    1443
    1106     657    1442
    1104     663    1441
    1106     662    1438
    1111     660    1433
    1109     667    1430
    1112     668    1431
    1108     670    1437
    1106     666    1438
    1109     663    1435
    1105     665    1433
    1106     662    1429
    1106     663    1430
    1109     662    1432
    1110     668    1437
    1111     674    1442
    1111     676    1448
    1112     673    1449
    1115     672    1450
    1118     677    1448
    1118     681    1447
    1118     679    1445
    1120     682    1445
    1122     681    1442
    1124     678    1446
    1123     673    1445
    1125     673    1444
    1130     671    1446
    1130     669    1444
    1137     671    1445
    1133     677    1447
    1129     675    1448
    1123     670    1449
    1123     667    1448
    1121     666    1453
    1122     664    1456
    1115     661    1458
    1110     662    1459
    1110     666    1462
    1110     672    1461
    1109     670    1462
    1115     668    1466
    1114     673    1465
    1119     672    1464
    1117     674    1460
    1118     676    1459
    1120     678    1460
    1117     678    1466
    1120     680    1464
    1126     681    1459
    1122     681    1460
    1125     675    1459
    1124     669    1458
    1124     667    1458
    1124     667    1456
    1125     663    1454
    1125     656    1452
    1124     654    1451
    1129     657    1447
    1125     658    1442
    1127     656    1445
    1121     655    1446
    1118     657    1447
    1113     656    1449
    1112     661    1452
    1110     662    1455
    1114     658    1455
    1113     654    1458
    1116     657    1462
    1116     654    1467
    1115     656    1470
    1119     658    1475
    1126     661    1477
    1132     661    1476
    1134     661    1478
    1134     662    1472
    1137     660    1470
    1134     664    1466
    1132     664    1465
    1137     668    1464
    1137     674    1459
    1139     671    1462
    1137     666    1461
    1135     664    1461
    1132     660    1462
    1130     658    1464
    1131     656    1466
    1129     660    1468
    1127     654    1470
    1126     658    1473
    1123     660    1469
    1121     663    1474
    1117     669    1476
    1119     671    1469
    1119     676    1475
    1118     672    1472
    1123     674    1471
    1124     677    1471
    1129     681    1472
    1132     676    1472
    1127     674    1477
    1129     673    1471
    1129     673    1474
    1132     674    1479
    1132     677    1477
    1132     678    1470
    1132     674    1470
    1136     674    1470
    1137     670    1476
    1133     664    1477
    1134     657    1474
    1128     652    1473
    1130     649    1473
    1129     655    1474
    1134     654    1470
    1128     657    1466
    1134     653    1469
    1134     657    1470
    1129     652    1467
    1131     651    1465
    1130     653    1461
    1134     655    1459
    1135     656    1456
    1137     653    1456
    1139     650    1452
    1142     648    1459
    1143     646    1456
    1148     646    1462
    1150     646    1465
    1150     650    1462
    1153     652    1455
    1151     655    1454
    1147     655    1451
    1142     657    1456
    1142     654    1454
    1142     653    1459
    1140     646    1457
    1145     642    1456
    1150     643    1462
    1143     646    1462
    1149     643    1458
    1153     645    1456
    1155     648    1460
    1156     652    1460
    1152     656    1456
    1148     658    1457
    1143     663    1454
    1138     662    1454
    1137     660    1453
    1141     662    1455
    1145     661    1453
    1142     658    1453
    1144     658    1458
    1146     659    1453
    1145     657    1459
    1144     652    1461
    1147     651    1454
    1150     652    1454
    1153     650    1455
    1160     647    1456
    1161     649    1459
    1161     651    1464
    1166     650    1465
    1163     647    1465
    1161     650    1468
    1159     648    1467
    1158     650    1468
    1154     648    1472
    1149     649    1472
    1156     648    1470
    1155     653    1467
    1155     656    1466
    1155     662    1463
    1153     665    1463
    1153     668    1461
    1155     669    1465
    1157     667    1466
    1157     664    1466
    1154     660    1465
    1151     659    1463
    1153     659    1459
    1150     657    1461
    1148     659    1461
    1147     663    1460
    1146     663    1464
    1144     663    1464
    1145     662    1468
    1147     661    1474
    1150     662    1476
    1146     661    1478
    1148     666    1478
    1143     670    1476
    1143     668    1478
    1144     669    1481
    1147     674    1476
    1153     674    1472
    1154     679    1468
    1156     679    1463
    1157     676    1464
    1155     674    1464
    1160     670    1462
    1161     667    1461
    1164     661    1461
    1165     659    1456
    1164     661    1454
    1160     664    1460
    1160     664    1458
    1161     663    1455
    1164     664    1453
    1166     666    1455
    1165     669    1456
    1163     672    1456
    1165     674    1461
    1164     676    1459
    1157     675    1457
    1154     674    1456
    1151     671    1460
    1146     669    1463
    1146     670    1459
    1148     672    1459
    1148     678    1463
    1146     675    1462
    1147     675    1466
    1151     673    1468
    1150     670    1467
    1149     668    1468
    1151     667    1471
    1154     662    1473
    1159     664    1473
    1159     661    1475
    1164     659    1480
    1164     665    1480
    1167     662    1477
    1165     662    1473
    1167     658    1470
    1167     657    1463
    1168     656    1466
    1171     655    1466
    1169     652    1467
    1172     657    1463
    1169     662    1465
    1172     664    1464
    1169     670    1466
    1168     670    1463
    1171     669    1462
    1173     671    1461
    1171     670    1468
    1172     666    1469
    1175     662    1468
    1172     660    1470
    1175     658    1465
    1172     652    1462
    1168     652    1460
    1165     656    1459
    1167     660    1461
    1170     662    1459
