     851     593    1348
     850     590    1341
     852     592    1334
     854     595    1327
     854     600    1321
     852     607    1318
     848     613    1318
     848     611    1311
     845     611    1314
     838     609    1317
     836     608    1315
     835     612    1313
     835     613    1309
     835     617    1309
     841     621    1309
     845     624    1309
     842     631    1307
     845     631    1312
     838     631    1314
     840     628    1314
     835     630    1314
     834     628    1311
     834     630    1310
     830     630    1310
     827     632    1309
     827     631    1314
     827     628    1316
     822     625    1315
     821     624    1314
     816     620    1316
     811     618    1317
     814     614    1311
     815     610    1308
     817     609    1314
     821     609    1313
     827     606    1315
     831     605    1313
     835     603    1315
     837     602    1313
     839     600    1316
     835     596    1313
     830     601    1311
     834     600    1311
     838     605    1309
     840     608    1309
     845     611    1304
     840     609    1302
     839     609    1300
     836     614    1304
     835     615    1305
     838     616    1301
     832     612    1300
     830     611    1302
     831     613    1302
     826     610    1297
     830     615    1293
     827     616    1295
     824     618    1302
     827     623    1299
     830     627    1303
     828     634    1303
     824     636    1305
     823     642    1303
     819     646    1301
     818     641    1298
     815     641    1305
     812     638    1308
     811     632    1313
     814     625    1315
     816     623    1312
     819     620    1313
     817     613    1312
     820     617    1306
     825     622    1303
     831     625    1299
     839     625    1299
     840     620    1305
     839     618    1312
     839     621    1314
     836     622    1313
     834     619    1311
     833     618    1314
     829     617    1320
     824     613    1318
     822     616    1318
     825     618    1314
     831     618    1314
     829     618    1318
     829     613    1315
     832     612    1321
     829     611    1318
     829     614    1320
     826     620    1316
     823     622    1309
     824     624    1303
     825     629    1301
     824     631    1303
     820     629    1303
     816     629    1301
     816     626    1305
     814     628    1303
     812     625    1306
     813     630    1312
     818     630    1311
     815     633    1310
     816     636    1315
     815     636    1313
     808     633    1312
     810     638    1307
     816     637    1310
     822     634    1309
     823     636    1310
     824     638    1315
     825     634    1320
     832     632    1322
     838     634    1321
     837     638    1324
     836     642    1321
     838     642    1319
     836     646    1324
     832     642    1327
     830     646    1324
     828     643    1323
     825     642    1320
     825     641    1325
     829     646    1328
     825     648    1328
     819     650    1324
     825     652    1326
     823     648    1322
     822     646    1317
     827     649    1316
     825     643    1317
     827     646    1313
     830     648    1311
     833     646    1309
     829     649    1306
     828     643    1303
     827     646    1306
     832     640    1307
     834     637    1307
     835     634    1307
     834     633    1313
     835     634    1316
     832     630    1320
     835     627    1325
     834     630    1326
     834     624    1331
     835     627    1334
     832     622    1335
     827     622    1339
     820     621    1340
     822     616    1337
     818     617    1336
     813     620    1332
     815     616    1331
     814     616    1335
     808     619    1332
     804     616    1337
     806     621    1333
     809     628    1331
     810     627    1328
     815     627    1328
     818     624    1327
     818     625    1330
     820     628    1333
     823     628    1334
     824     628    1337
     826     629    1333
     831     632    1338
     833     639    1339
     830     639    1333
     831     645    1338
     831     642    1335
     826     642    1334
     825     643    1335
     819     647    1337
     816     647    1339
     823     649    1339
     821     642    1337
     822     641    1341
     821     641    1344
     819     643    1344
     819     641    1337
     818     640    1339
     815     639    1340
     817     634    1345
     820     630    1342
     820     627    1338
     821     629    1337
     822     624    1338
     824     620    1332
     821     622    1328
     819     619    1329
     816     624    1331
     816     626    1334
     822     630    1331
     821     628    1329
     819     630    1325
     815     633    1327
     814     636    1326
     813     640    1327
     812     644    1324
     806     646    1323
     804     645    1319
     798     648    1323
     794     648    1324
     796     646    1327
     798     643    1326
     800     643    1331
     806     645    1330
     809     640    1328
     808     640    1328
     805     638    1325
     808     643    1320
     805     644    1316
     799     640    1314
     802     640    1315
     800     646    1318
     798     644    1319
     795     642    1321
     795     638    1323
     798     637    1326
     803     636    1326
     810     634    1328
     808     631    1325
     810     633    1325
     809     635    1332
     807     640    1334
     809     639    1331
     806     638    1331
     805     639    1329
     803     642    1332
     807     645    1329
     803     646    1327
     802     643    1326
     801     639    1322
     797     637    1317
     797     630    1319
     793     633    1320
     789     633    1318
     788     637    1318
     787     639    1321
     788     640    1321
     787     642    1324
     786     647    1326
     790     645    1332
     788     644    1327
     790     640    1327
     790     637    1330
     793     636    1333
     795     633    1336
     794     632    1338
     793     629    1339
     792     630    1335
     796     629    1332
     797     631    1330
     798     633    1331
     797     636    1330
     798     639    1332
     801     640    1336
     802     636    1336
     803     632    1336
     806     633    1336
     805     632    1338
     808     628    1341
     808     627    1343
     809     624    1345
     807     629    1350
     812     631    1347
     812     625    1345
     813     625    1350
     807     623    1346
     800     621    1343
     793     620    1346
     789     622    1345
     788     627    1343
     791     626    1342
     787     630    1337
     786     630    1333
     785     632    1329
     786     629    1328
     789     622    1327
     794     623    1331
     793     626    1331
     793     625    1330
     792     622    1330
     788     620    1332
     785     623    1334
     786     621    1336
     782     624    1337
     782     622    1339
     784     629    1342
     788     631    1342
     792     633    1342
     798     635    1343
     800     636    1343
     796     633    1345
     795     626    1347
     796     624    1344
     797     622    1343
     794     629    1344
     798     630    1342
     800     629    1341
     801     628    1339
     799     625    1332
     798     624    1328
     799     623    1321
     798     619    1317
     798     614    1321
     793     616    1318
     790     617    1320
     789     624    1319
     787     628    1319
     784     631    1320
     783     629    1317
     784     632    1317
     781     630    1322
     783     626    1324
     779     627    1325
     777     625    1330
     781     627    1331
     784     620    1329
     778     619    1331
     779     619    1326
     781     620    1322
     779     622    1319
     784     621    1318
     784     625    1316
     788     628    1314
     792     629    1318
     793     627    1321
     789     626    1324
     787     622    1324
