     614     924    1183
     621     926    1184
     627     923    1185
     632     919    1181
     639     916    1180
     646     913    1179
     648     909    1183
     653     912    1178
     655     917    1181
     661     920    1185
     667     920    1187
     664     916    1188
     667     913    1187
     667     910    1189
     670     905    1187
     676     903    1186
     673     897    1189
     677     899    1189
     676     898    1195
     674     903    1194
     673     904    1198
     667     902    1196
     668     903    1198
     665     903    1199
     663     901    1202
     664     902    1201
     665     907    1202
     658     910    1203
     655     910    1204
     656     916    1206
     663     918    1209
     659     923    1206
     664     926    1205
     662     924    1200
     658     924    1198
     664     924    1193
     663     924    1189
     665     923    1183
     670     921    1183
     666     923    1179
     664     929    1180
     667     927    1187
     668     925    1183
     667     918    1181
     667     914    1180
     661     911    1177
     659     908    1181
     664     905    1178
     666     908    1183
     665     908    1186
     661     906    1184
     662     902    1184
     658     903    1185
     661     899    1186
     658     893    1182
     654     897    1185
     661     894    1186
     658     898    1191
     653     898    1194
     658     900    1196
     661     898    1199
     664     901    1205
     669     902    1211
     674     907    1212
     673     913    1217
     670     908    1213
     668     910    1216
     662     913    1215
     664     913    1209
     660     912    1207
     660     916    1204
     664     920    1202
     666     917    1206
     672     916    1204
     672     917    1201
     674     916    1199
     673     916    1193
     670     913    1192
     672     910    1192
     668     909    1193
     665     910    1192
     663     911    1192
     656     913    1194
     654     917    1195
     656     917    1199
     660     913    1198
     661     911    1194
     658     912    1193
     659     916    1192
     657     919    1189
     657     919    1191
     656     915    1191
     653     909    1195
     652     906    1199
     652     903    1199
     654     900    1200
     657     899    1203
     655     901    1207
     650     902    1207
     651     905    1208
     652     906    1211
     654     911    1209
     659     908    1214
     662     906    1210
     660     906    1213
     664     906    1217
     664     905    1215
     662     905    1222
     658     906    1221
     658     903    1214
     663     902    1209
     662     900    1207
     667     897    1209
     674     897    1208
     677     896    1202
     678     898    1202
     674     895    1208
     671     895    1211
     672     896    1211
     672     891    1212
     669     894    1218
     665     889    1216
     664     892    1215
     660     888    1213
     661     893    1218
     661     891    1223
     662     894    1221
     654     894    1221
     655     891    1220
     657     892    1215
     658     889    1210
     660     885    1210
     662     889    1209
     660     888    1205
     660     885    1203
     662     886    1199
     666     884    1203
     665     890    1201
     670     888    1201
     667     892    1198
     665     894    1197
     669     897    1194
     672     899    1198
     673     899    1201
     676     904    1202
     681     907    1202
     679     908    1208
     686     909    1211
     685     910    1214
     690     907    1216
     691     903    1219
     694     899    1221
     697     898    1216
     696     892    1217
     694     887    1218
     696     890    1219
     696     893    1222
     692     887    1224
     692     893    1229
     688     890    1228
     682     889    1225
     684     890    1222
     684     891    1217
     689     887    1213
     688     891    1214
     685     895    1215
     685     898    1216
     685     898    1219
     683     901    1217
     681     902    1221
     674     899    1221
     668     894    1221
     665     890    1227
     667     890    1225
     669     896    1225
     667     896    1227
     667     900    1232
     671     896    1235
     667     893    1233
     671     894    1230
     673     895    1231
     675     900    1233
     674     901    1233
     671     904    1230
     676     900    1227
     677     898    1229
     683     900    1232
     686     900    1225
     687     896    1219
     684     898    1212
     689     898    1208
     692     898    1211
     692     893    1211
     688     892    1208
     691     890    1213
     689     891    1217
     687     895    1211
     685     890    1210
     684     888    1209
     682     886    1212
     678     886    1214
     676     883    1215
     676     879    1211
     675     873    1215
     672     874    1214
     675     867    1216
     677     866    1218
     679     868    1219
     678     870    1220
     683     873    1221
     683     875    1217
     680     879    1218
     678     880    1218
     674     879    1222
     671     878    1215
     667     876    1219
     665     874    1226
     666     877    1220
     669     870    1220
     670     868    1221
     673     867    1224
     674     870    1227
     675     874    1227
     679     877    1225
     676     884    1223
     678     887    1221
     678     886    1219
     678     885    1224
     677     882    1224
     682     880    1219
     681     880    1222
     684     878    1219
     679     878    1223
     681     875    1216
     678     873    1217
     676     873    1222
     678     870    1223
     680     863    1226
     686     864    1231
     683     863    1230
     679     860    1232
     681     857    1230
     680     860    1228
     676     861    1227
     678     861    1224
     682     859    1218
     688     864    1219
     682     861    1221
     683     865    1226
     684     868    1229
     681     874    1233
     683     878    1234
     682     880    1236
     683     880    1239
     685     877    1240
     686     874    1237
     685     873    1232
     685     875    1229
     682     874    1228
     685     875    1225
     684     876    1225
     683     880    1228
     685     882    1229
     686     883    1227
     690     882    1228
     696     881    1233
     696     879    1231
     698     884    1233
     697     884    1237
     695     891    1235
     694     893    1233
     693     896    1235
     692     892    1241
     688     886    1244
     682     888    1247
     678     886    1246
     678     884    1244
     678     883    1241
     677     877    1240
     674     875    1238
     672     870    1235
     672     869    1235
     674     870    1237
     681     872    1239
     680     873    1240
     680     872    1238
     682     872    1245
     676     873    1245
     670     875    1241
     674     877    1245
     674     878    1247
     671     880    1245
     672     883    1238
     674     883    1237
     679     883    1236
     684     886    1233
     682     887    1232
     679     886    1234
     681     890    1240
     682     889    1237
     685     888    1240
     684     885    1241
     686     884    1238
     688     883    1236
     691     881    1238
     693     875    1236
     691     870    1238
     690     865    1239
     692     860    1242
     691     865    1247
     686     861    1249
     684     863    1243
     679     862    1240
     673     864    1236
     675     860    1236
     674     858    1237
     676     857    1235
     671     862    1237
     673     865    1242
     669     864    1242
     667     869    1245
     669     873    1244
     675     870    1248
     669     870    1250
     675     867    1250
     674     863    1248
     673     859    1246
     677     860    1245
     676     858    1242
     678     856    1238
     682     860    1237
     682     864    1238
     679     865    1240
     677     866    1243
