    1010     771     534
    1004     776     535
    1000     781     539
     999     783     546
     998     781     553
     999     776     559
     999     771     565
    1004     776     567
    1006     772     562
    1013     770     559
    1015     771     561
    1016     769     565
    1014     769     568
    1013     766     571
    1009     766     575
    1003     768     576
    1003     764     582
    1001     764     579
    1006     758     579
    1004     761     577
    1004     757     575
    1005     758     570
    1006     756     572
    1009     754     571
    1009     750     570
    1008     751     568
    1013     752     572
    1019     751     567
    1021     749     567
    1021     751     561
    1025     748     559
    1025     754     556
    1022     757     551
    1023     760     554
    1025     761     558
    1021     767     558
    1021     771     560
    1020     776     562
    1016     776     560
    1014     779     559
    1016     778     553
    1015     771     554
    1019     776     558
    1016     776     565
    1013     776     568
    1008     776     574
    1013     775     573
    1019     775     576
    1014     770     576
    1014     768     574
    1017     770     577
    1017     768     580
    1020     766     580
    1014     766     581
    1016     765     588
    1021     763     584
    1015     761     587
    1016     756     582
    1020     755     580
    1014     754     577
    1010     751     571
    1007     748     565
    1005     745     559
    1004     745     553
    1006     744     552
    1009     743     556
    1013     742     556
    1016     742     557
    1016     748     559
    1020     748     562
    1018     754     560
    1018     756     556
    1014     754     556
    1010     756     557
    1008     759     557
    1007     761     559
    1009     765     562
    1010     765     565
    1009     764     568
    1011     763     570
    1014     763     569
    1017     763     569
    1024     761     569
    1027     760     566
    1022     758     564
    1019     758     567
    1018     761     570
    1020     762     569
    1022     764     566
    1025     767     565
    1024     766     564
    1025     764     569
    1024     757     572
    1022     752     574
    1022     750     578
    1016     750     577
    1014     747     575
    1015     748     571
    1020     744     574
    1022     744     570
    1022     742     569
    1020     746     565
    1016     740     565
    1015     742     569
    1013     742     564
    1010     737     562
    1011     738     565
    1017     734     562
    1012     733     562
    1011     739     567
    1009     743     568
    1009     745     569
    1004     744     573
    1006     744     579
    1005     750     583
    1003     750     583
    1002     744     579
    1003     742     577
     999     743     574
    1002     740     576
     999     736     574
     993     738     572
     998     739     569
     994     741     567
     998     737     564
     994     732     565
     997     733     567
     994     735     560
     988     734     565
     988     740     568
     993     744     571
     989     746     566
     996     744     567
     993     748     565
     993     751     566
     994     754     563
     995     750     559
    1000     748     559
    1001     750     562
    1000     754     565
    1001     754     568
    1001     757     573
    1004     754     576
    1001     752     576
    1002     752     580
     995     753     581
     991     747     582
     993     743     588
     990     742     584
     989     736     589
     992     735     594
     995     728     594
     996     728     598
    1000     728     598
    1006     732     597
    1002     733     599
    1003     729     600
    1008     726     597
    1009     725     604
    1011     727     598
    1013     730     591
    1013     733     592
    1008     737     590
    1004     736     591
    1004     733     590
    1002     734     588
     998     732     587
     999     728     586
     996     734     584
     992     731     582
     990     729     575
     997     732     573
    1000     730     566
    1000     731     570
     999     728     572
     997     726     570
     998     719     570
    1005     720     569
    1003     723     566
    1003     724     571
    1002     723     575
     998     719     575
    1001     717     574
    1004     719     572
    1004     723     577
    1006     721     577
    1001     717     581
    1000     721     585
    1000     725     588
     996     729     585
     996     726     587
     996     730     592
    1000     735     594
    1003     736     594
    1002     729     591
    1003     728     590
    1003     730     586
    1003     733     585
    1006     739     588
    1009     735     586
    1010     733     580
    1011     733     578
    1013     731     575
    1018     727     572
    1021     730     571
    1027     730     571
    1030     730     572
    1028     729     575
    1027     731     577
    1025     732     580
    1021     734     577
    1017     733     580
    1015     729     579
    1017     724     578
    1016     725     572
    1017     721     570
    1022     716     572
    1021     723     569
    1025     725     569
    1026     724     571
    1029     724     574
    1031     727     580
    1028     731     584
    1023     731     583
    1021     737     585
    1017     737     589
    1015     737     586
    1018     733     589
    1016     731     585
    1016     734     582
    1016     728     581
    1021     734     582
    1020     729     580
    1017     731     576
    1021     730     575
    1021     726     576
    1022     723     575
    1027     718     573
    1026     714     576
    1031     718     578
    1036     716     578
    1036     719     576
    1037     722     578
    1036     724     577
    1037     726     579
    1040     730     576
    1034     733     580
    1036     728     575
    1034     727     581
    1030     724     585
    1027     724     588
    1023     722     590
    1023     722     593
    1023     720     595
    1025     718     591
    1025     718     588
    1025     721     585
    1024     725     586
    1026     726     585
    1023     726     583
    1019     725     583
    1019     726     587
    1016     724     587
    1015     725     587
    1014     721     585
    1013     715     582
    1014     713     582
    1011     712     583
    1011     711     587
    1007     716     586
    1005     716     590
    1004     713     588
    1008     713     594
    1015     711     594
    1018     711     600
    1021     714     603
    1023     715     600
    1023     718     599
    1027     716     595
    1031     718     593
    1036     719     589
    1038     719     589
    1038     720     591
    1032     721     591
    1030     718     591
    1031     722     591
    1035     722     592
    1036     718     596
    1035     717     598
    1033     716     600
    1030     712     600
    1030     714     602
    1027     721     603
    1025     723     601
    1021     723     597
    1016     723     593
    1015     725     593
    1019     725     597
    1016     719     601
    1016     722     600
    1014     718     598
    1017     716     596
    1017     717     593
    1016     717     590
    1018     715     588
    1020     713     584
    1024     712     583
    1024     709     583
    1025     703     578
    1022     701     583
    1026     702     585
    1030     702     583
    1032     708     582
    1036     714     582
    1040     714     582
    1040     711     582
    1039     713     579
    1040     713     586
    1035     710     588
    1039     710     589
    1037     708     595
    1030     708     595
    1034     709     595
    1037     708     598
    1032     705     594
    1034     705     590
    1040     705     588
    1036     705     585
    1039     707     582
    1036     710     578
    1032     713     579
    1030     713     581
    1033     713     586
    1037     713     591
