    1667    1182     307
    1667    1181     314
    1663    1179     320
    1659    1175     323
    1657    1172     330
    1651    1173     335
    1645    1175     338
    1647    1181     335
    1644    1178     341
    1642    1180     346
    1641    1183     348
    1638    1184     345
    1637    1187     342
    1633    1188     343
    1632    1193     342
    1631    1196     347
    1628    1199     341
    1627    1199     346
    1622    1198     340
    1625    1195     341
    1621    1192     339
    1623    1189     340
    1622    1188     338
    1620    1186     340
    1617    1185     342
    1619    1187     345
    1620    1185     345
    1621    1179     347
    1621    1181     350
    1622    1180     354
    1622    1185     357
    1625    1181     359
    1625    1177     362
    1629    1173     358
    1632    1174     355
    1635    1181     355
    1640    1183     353
    1644    1186     351
    1642    1190     350
    1647    1187     351
    1644    1190     357
    1638    1187     357
    1639    1190     353
    1643    1189     347
    1643    1189     342
    1644    1188     336
    1640    1186     333
    1638    1188     331
    1636    1182     334
    1634    1185     337
    1636    1192     335
    1633    1191     332
    1633    1185     329
    1630    1191     331
    1630    1191     323
    1628    1185     324
    1626    1192     326
    1624    1185     329
    1624    1179     330
    1622    1181     335
    1617    1183     340
    1614    1185     347
    1611    1184     354
    1609    1183     361
    1609    1180     359
    1609    1180     353
    1608    1177     353
    1611    1174     352
    1617    1175     352
    1619    1178     350
    1622    1176     352
    1625    1172     356
    1619    1170     354
    1620    1167     347
    1624    1168     341
    1630    1169     336
    1635    1175     337
    1633    1182     340
    1631    1187     345
    1630    1186     340
    1631    1184     342
    1631    1181     341
    1631    1175     345
    1631    1173     348
    1628    1176     350
    1627    1178     347
    1630    1182     345
    1630    1183     347
    1634    1179     348
    1638    1176     348
    1637    1177     349
    1634    1176     345
    1628    1174     341
    1622    1175     339
    1619    1174     332
    1619    1177     335
    1617    1178     336
    1615    1176     339
    1612    1171     339
    1614    1173     341
    1608    1170     341
    1614    1169     345
    1610    1175     346
    1612    1180     343
    1610    1178     346
    1608    1182     346
    1605    1182     341
    1607    1184     334
    1603    1178     336
    1609    1176     340
    1611    1182     338
    1611    1185     343
    1609    1191     344
    1609    1194     340
    1613    1196     340
    1611    1194     339
    1604    1191     340
    1599    1186     343
    1599    1183     341
    1597    1190     338
    1597    1191     343
    1598    1191     348
    1600    1188     351
    1602    1192     351
    1598    1186     349
    1592    1190     347
    1593    1189     350
    1596    1182     352
    1593    1185     353
    1599    1188     355
    1604    1191     352
    1603    1195     356
    1606    1193     352
    1608    1194     353
    1608    1196     358
    1614    1195     356
    1613    1194     359
    1613    1189     356
    1616    1195     352
    1617    1193     351
    1619    1191     348
    1622    1193     346
    1619    1193     342
    1616    1194     341
    1617    1193     336
    1616    1191     331
    1610    1186     331
    1613    1190     327
    1608    1188     328
    1608    1191     325
    1609    1194     322
    1609    1200     327
    1611    1199     320
    1612    1203     323
    1612    1207     325
    1614    1203     326
    1617    1204     327
    1616    1208     329
    1621    1205     333
    1616    1207     336
    1610    1207     337
    1608    1207     336
    1605    1206     333
    1608    1204     330
    1604    1205     327
    1604    1201     329
    1602    1198     328
    1604    1199     332
    1604    1195     330
    1598    1193     332
    1591    1191     335
    1593    1193     338
    1586    1195     341
    1591    1193     340
    1592    1196     343
    1591    1197     346
    1592    1202     349
    1591    1208     345
    1587    1204     340
    1592    1203     341
    1595    1202     342
    1593    1205     348
    1593    1206     345
    1596    1202     349
    1598    1203     344
    1600    1203     346
    1603    1203     346
    1603    1202     339
    1604    1202     332
    1599    1198     329
    1598    1199     322
    1604    1199     322
    1603    1204     322
    1609    1205     324
    1606    1206     323
    1606    1206     329
    1599    1203     327
    1599    1206     325
    1598    1206     329
    1600    1210     329
    1600    1210     334
    1597    1214     330
    1596    1218     328
    1602    1220     326
    1606    1221     326
    1603    1228     326
    1605    1231     327
    1605    1229     331
    1603    1228     333
    1601    1227     336
    1600    1223     336
    1601    1218     334
    1602    1217     333
    1606    1217     331
    1603    1218     324
    1607    1218     321
    1614    1221     321
    1612    1217     326
    1608    1223     323
    1607    1226     324
    1610    1228     328
    1610    1230     335
    1606    1228     339
    1602    1224     339
    1598    1218     342
    1600    1212     338
    1597    1213     336
    1602    1214     339
    1602    1217     339
    1599    1217     337
    1603    1218     337
    1601    1221     339
    1603    1221     336
    1599    1223     331
    1602    1223     330
    1606    1221     330
    1608    1222     329
    1614    1225     325
    1618    1223     330
    1616    1228     330
    1620    1231     328
    1618    1234     327
    1615    1235     332
    1614    1235     330
    1612    1236     333
    1610    1239     327
    1604    1236     330
    1609    1236     330
    1611    1233     335
    1612    1231     338
    1612    1227     343
    1615    1221     343
    1617    1220     343
    1619    1220     345
    1617    1223     347
    1615    1225     345
    1612    1225     340
    1610    1224     341
    1609    1226     340
    1607    1225     338
    1608    1221     338
    1610    1217     338
    1611    1215     338
    1609    1214     339
    1608    1215     344
    1606    1217     351
    1606    1215     350
    1606    1213     350
    1608    1213     354
    1607    1207     349
    1610    1205     347
    1609    1206     351
    1615    1207     351
    1619    1210     350
    1624    1211     351
    1626    1215     351
    1626    1216     347
    1621    1218     350
    1622    1224     347
    1623    1226     344
    1622    1231     340
    1623    1234     340
    1622    1234     341
    1619    1229     344
    1621    1227     343
    1618    1230     344
    1621    1233     345
    1625    1232     346
    1627    1230     347
    1628    1227     349
    1630    1222     346
    1630    1223     350
    1624    1222     353
    1625    1219     347
    1621    1217     341
    1616    1214     340
    1614    1213     340
    1618    1213     341
    1624    1211     344
    1622    1211     341
    1620    1210     344
    1620    1213     347
    1617    1215     346
    1614    1215     346
    1612    1216     348
    1614    1217     341
    1619    1220     336
    1622    1218     331
    1626    1215     326
    1628    1213     329
    1630    1216     332
    1629    1219     330
    1626    1224     329
    1623    1224     332
    1625    1231     331
    1627    1232     330
    1624    1233     328
    1627    1233     334
    1628    1228     336
    1631    1231     336
    1634    1228     341
    1631    1224     342
    1632    1226     341
    1635    1229     344
    1635    1224     339
    1634    1224     335
    1634    1228     331
    1631    1226     331
    1630    1229     329
    1625    1229     327
    1621    1227     330
    1621    1226     333
    1624    1228     336
    1628    1230     338
