     700    1442    1018
     704    1437    1014
     709    1434    1009
     715    1433    1004
     716    1432     997
     717    1426     992
     712    1420     992
     717    1420     987
     717    1425     981
     710    1427     978
     710    1428     975
     707    1423     976
     707    1420     979
     706    1416     978
     705    1414     983
     701    1417     989
     701    1409     989
     699    1411     990
     698    1407     984
     699    1411     984
     696    1408     980
     695    1414     980
     695    1411     978
     693    1411     975
     690    1411     974
     690    1414     976
     692    1415     973
     693    1417     969
     691    1420     970
     691    1424     969
     688    1424     963
     690    1429     967
     690    1431     962
     696    1429     960
     699    1430     965
     701    1431     972
     707    1431     975
     704    1430     980
     705    1428     983
     710    1433     982
     704    1434     985
     699    1431     980
     706    1434     979
     707    1427     982
     712    1423     981
     718    1418     980
     717    1417     977
     717    1412     978
     713    1414     973
     711    1415     974
     712    1412     980
     711    1408     978
     712    1408     974
     709    1407     981
     712    1400     979
     711    1402     973
     707    1401     978
     703    1404     972
     703    1405     969
     699    1407     972
     692    1409     973
     686    1414     973
     680    1418     972
     678    1424     972
     674    1421     970
     679    1418     968
     679    1418     964
     682    1415     959
     687    1418     963
     692    1416     962
     693    1421     964
     694    1425     960
     690    1421     959
     695    1416     957
     702    1413     957
     709    1412     960
     711    1415     967
     706    1416     973
     702    1417     979
     702    1416     978
     704    1417     974
     705    1418     972
     704    1420     966
     703    1423     963
     699    1422     966
     699    1419     968
     702    1419     973
     700    1421     973
     705    1424     970
     708    1427     968
     705    1427     969
     704    1423     969
     701    1416     967
     699    1410     965
     701    1404     964
     698    1406     968
     694    1405     968
     692    1406     966
     693    1404     962
     693    1408     962
     690    1405     960
     691    1412     959
     685    1409     962
     687    1410     965
     684    1412     965
     679    1410     968
     679    1410     964
     682    1405     959
     677    1408     960
     682    1407     966
     685    1407     969
     685    1409     972
     684    1406     976
     685    1402     977
     691    1401     982
     693    1401     985
     686    1400     986
     685    1402     988
     686    1407     991
     683    1400     991
     679    1401     989
     676    1406     989
     678    1408     986
     677    1410     985
     675    1407     981
     675    1402     987
     672    1403     983
     669    1408     978
     666    1408     984
     671    1411     983
     676    1410     980
     675    1415     986
     679    1412     982
     679    1416     983
     681    1418     987
     684    1420     985
     680    1423     983
     681    1421     977
     685    1419     981
     688    1419     982
     689    1415     981
     693    1413     984
     692    1409     981
     691    1408     984
     689    1406     979
     687    1402     980
     681    1401     976
     675    1399     973
     674    1401     971
     669    1398     967
     669    1392     966
     671    1387     962
     673    1384     958
     673    1383     963
     678    1384     965
     674    1383     966
     672    1381     968
     678    1380     970
     674    1375     974
     679    1378     975
     683    1384     975
     683    1387     972
     683    1391     970
     682    1391     966
     683    1390     964
     679    1392     966
     676    1395     962
     675    1394     965
     675    1396     967
     669    1395     972
     664    1396     978
     669    1398     983
     667    1396     988
     672    1398     989
     674    1395     984
     673    1394     986
     674    1387     987
     679    1385     986
     679    1389     988
     675    1390     982
     677    1389     985
     672    1385     983
     670    1386     981
     675    1390     980
     673    1387     979
     676    1387     977
     673    1381     973
     673    1385     967
     678    1388     962
     677    1395     959
     678    1394     956
     676    1392     959
     682    1389     959
     685    1390     960
     680    1387     959
     681    1387     965
     682    1394     962
     685    1393     962
     686    1395     967
     687    1392     970
     690    1394     971
     692    1393     973
     696    1395     974
     698    1392     969
     702    1392     969
     707    1389     971
     709    1387     970
     706    1385     973
     704    1386     976
     702    1383     978
     699    1390     979
     695    1389     977
     694    1388     973
     694    1386     971
     697    1391     966
     698    1390     963
     697    1385     960
     700    1392     962
     704    1390     965
     705    1388     966
     704    1383     966
     704    1380     970
     701    1380     975
     696    1383     977
     690    1386     981
     687    1387     976
     688    1390     977
     689    1385     978
     692    1385     980
     693    1388     978
     693    1384     973
     696    1386     980
     697    1384     978
     699    1391     975
     701    1389     974
     700    1386     972
     699    1385     967
     700    1383     961
     698    1378     961
     701    1377     963
     706    1375     959
     707    1378     960
     709    1377     963
     709    1378     966
     710    1377     967
     716    1381     969
     712    1380     972
     713    1380     965
     708    1377     970
     704    1375     972
     698    1373     974
     693    1372     973
     692    1370     976
     692    1368     975
     695    1367     975
     698    1369     976
     700    1374     974
     697    1376     975
     700    1377     977
     699    1380     975
     696    1380     974
     692    1379     976
     690    1378     972
     688    1380     974
     690    1379     968
     689    1377     962
     687    1377     961
     687    1377     958
     686    1374     960
     681    1374     963
     680    1375     960
     678    1372     961
     678    1370     965
     682    1368     967
     680    1364     969
     683    1362     972
     686    1362     974
     688    1365     972
     691    1364     970
     695    1365     968
     702    1367     966
     703    1365     966
     702    1363     966
     701    1364     973
     699    1366     970
     701    1367     972
     701    1361     970
     699    1358     967
     697    1358     968
     693    1358     968
     690    1360     965
     689    1357     968
     690    1359     975
     690    1362     978
     689    1368     977
     686    1374     976
     686    1375     979
     686    1372     979
     681    1367     977
     682    1369     977
     681    1370     974
     684    1369     971
     687    1371     971
     688    1373     969
     690    1374     967
     693    1374     965
     699    1370     968
     706    1367     969
     713    1366     971
     714    1362     967
     714    1366     966
     710    1363     963
     705    1367     960
     700    1372     957
     706    1370     958
     705    1371     955
     703    1370     953
     705    1366     957
     697    1366     957
     698    1363     957
     693    1360     958
     691    1363     961
     696    1358     961
     693    1356     959
     691    1363     956
     698    1360     955
     703    1361     954
     699    1366     953
     704    1366     953
     700    1372     954
     702    1374     958
     701    1371     962
     699    1368     962
     697    1364     960
