     329     973       8
     328     966       6
     332     960       8
     336     954      10
     341     950      14
     346     951      20
     349     952      27
     346     958      24
     350     957      30
     351     962      36
     349     965      36
     345     965      37
     343     962      36
     340     960      37
     338     955      34
     339     950      32
     333     947      33
     337     945      34
     335     943      40
     337     949      39
     336     949      42
     336     953      43
     331     954      42
     331     956      45
     329     956      48
     332     955      49
     335     957      49
     335     964      51
     336     964      53
     341     962      54
     341     962      61
     345     967      58
     349     969      56
     346     973      54
     347     972      49
     349     971      42
     349     971      37
     350     971      33
     353     966      35
     355     968      30
     359     970      36
     356     967      41
     354     970      34
     347     968      31
     346     964      29
     340     962      25
     340     966      27
     337     968      28
     337     961      31
     337     961      34
     335     964      32
     331     961      30
     330     966      32
     332     959      32
     325     957      29
     324     964      31
     323     958      32
     324     961      39
     324     966      40
     327     961      42
     326     957      45
     329     955      52
     330     953      59
     329     954      66
     331     959      71
     331     957      64
     329     958      66
     329     964      64
     335     963      59
     337     962      55
     342     965      54
     347     966      52
     347     961      53
     351     957      51
     349     957      48
     350     956      45
     348     956      39
     345     957      40
     343     956      40
     340     958      40
     339     961      40
     339     965      40
     338     971      44
     339     973      46
     340     969      48
     340     965      47
     339     964      42
     338     967      42
     341     970      41
     343     973      40
     344     972      42
     338     972      41
     333     970      45
     329     968      47
     326     968      46
     325     964      45
     324     961      48
     324     963      51
     327     969      53
     330     967      55
     331     967      59
     326     969      58
     327     964      60
     327     960      56
     328     960      59
     324     956      62
     326     955      60
     321     954      63
     318     960      62
     320     960      56
     324     956      53
     326     954      53
     331     948      54
     328     943      52
     332     940      46
     336     939      46
     334     939      53
     339     938      56
     344     937      57
     339     936      57
     338     940      63
     341     943      64
     344     944      64
     340     948      63
     340     950      66
     340     945      72
     338     945      70
     340     952      72
     345     949      71
     343     951      65
     341     952      62
     348     949      60
     342     949      58
     342     950      56
     343     949      53
     344     947      51
     343     948      52
     336     950      55
     332     946      54
     337     951      51
     334     952      48
     331     950      41
     332     949      44
     334     946      45
     328     946      44
     323     946      40
     322     946      45
     318     946      45
     317     949      47
     315     949      52
     317     947      54
     315     943      57
     309     943      53
     313     937      52
     316     936      54
     317     937      53
     318     936      51
     323     933      55
     328     933      56
     326     933      60
     326     933      62
     321     934      63
     317     935      62
     314     937      60
     313     939      61
     316     942      62
     314     944      64
     319     942      64
     320     945      61
     324     944      63
     329     945      65
     335     942      67
     337     941      70
     332     942      67
     332     943      72
     332     946      74
     331     943      80
     328     938      79
     324     940      75
     330     938      75
     328     939      74
     325     942      80
     327     945      79
     323     946      76
     323     942      75
     323     939      74
     323     936      76
     318     940      72
     315     939      66
     314     946      66
     310     946      67
     311     946      60
     308     941      60
     310     940      55
     309     938      57
     315     937      61
     310     940      65
     308     938      65
     307     935      63
     309     931      62
     313     931      65
     309     927      63
     307     924      58
     312     924      54
     314     921      50
     312     915      51
     313     912      52
     315     913      55
     316     915      56
     315     915      61
     313     919      61
     315     924      61
     313     923      62
     317     925      58
     312     926      52
     316     925      47
     324     925      47
     322     926      48
     317     921      48
     316     917      48
     320     915      50
     323     916      52
     321     917      59
     319     920      61
     319     927      64
     314     928      69
     312     927      68
     317     926      67
     316     922      67
     313     922      66
     317     923      64
     318     923      60
     317     920      62
     311     920      58
     312     919      56
     317     920      55
     319     919      53
     322     915      47
     325     913      48
     325     910      51
     328     906      50
     325     906      49
     324     905      54
     322     906      53
     321     905      56
     315     903      55
     315     907      60
     317     906      53
     322     909      57
     325     911      60
     328     916      62
     330     920      63
     332     921      64
     334     920      66
     334     917      65
     331     914      65
     326     914      63
     325     920      60
     324     917      60
     321     916      62
     321     919      63
     323     922      65
     324     924      64
     323     925      66
     323     919      71
     324     915      76
     321     918      76
     321     921      78
     325     920      80
     324     927      77
     322     929      77
     322     927      79
     330     927      79
     335     923      75
     341     924      74
     343     924      70
     341     922      68
     338     923      67
     338     918      63
     337     918      59
     334     914      55
     334     917      52
     334     920      51
     333     917      58
     334     919      57
     333     921      54
     337     920      48
     340     920      51
     341     921      54
     342     922      57
     345     918      61
     346     921      61
     343     925      62
     340     926      62
     334     925      64
     329     928      66
     328     929      66
     331     928      66
     336     929      69
     334     930      66
     334     928      70
     334     924      71
     331     923      70
     329     922      71
     328     919      72
     327     913      71
     332     911      70
     330     906      67
     331     899      67
     336     903      71
     336     902      65
     335     905      63
     334     905      58
     334     910      53
     333     906      53
     334     904      51
     331     903      51
     337     907      50
     339     910      55
     342     909      54
     345     912      60
     344     916      56
     345     913      56
     348     914      55
     345     909      60
     342     906      59
     342     903      56
     339     904      57
     338     903      51
     335     906      47
     331     909      47
     332     913      51
     336     912      53
     339     913      50
