     580    1085     657
     574    1085     653
     573    1082     646
     572    1079     640
     572    1074     634
     577    1068     634
     579    1062     632
     579    1064     639
     575    1060     636
     570    1054     636
     568    1050     640
     572    1050     642
     575    1051     640
     578    1049     640
     578    1049     632
     575    1045     627
     582    1046     625
     580    1044     624
     578    1038     627
     581    1040     630
     584    1039     631
     586    1041     634
     588    1042     635
     587    1040     638
     589    1037     640
     588    1037     637
     581    1036     639
     579    1034     646
     577    1031     646
     574    1033     639
     569    1028     637
     568    1034     636
     564    1036     637
     563    1035     643
     565    1038     643
     564    1044     641
     564    1049     641
     564    1054     642
     566    1053     635
     563    1057     639
     561    1055     632
     564    1048     634
     561    1053     637
     567    1055     640
     571    1057     641
     576    1060     646
     578    1058     646
     579    1057     650
     583    1054     644
     580    1052     644
     581    1052     648
     586    1054     647
     585    1052     651
     588    1052     646
     594    1056     649
     592    1051     652
     594    1051     645
     591    1044     647
     593    1043     651
     590    1041     645
     593    1038     641
     594    1034     642
     598    1033     645
     602    1033     648
     602    1029     649
     597    1029     648
     591    1026     647
     585    1027     642
     578    1030     641
     573    1030     642
     573    1033     643
     568    1035     640
     575    1035     638
     581    1040     637
     586    1046     636
     588    1053     633
     581    1052     636
     578    1049     636
     576    1046     635
     580    1045     638
     579    1046     641
     576    1046     644
     574    1042     649
     570    1040     650
     571    1037     648
     576    1040     644
     577    1045     646
     575    1044     647
     571    1045     646
     568    1047     649
     568    1045     647
     572    1045     650
     578    1041     652
     584    1038     651
     587    1038     652
     588    1039     649
     590    1039     646
     587    1034     650
     585    1031     654
     582    1030     652
     579    1024     651
     579    1029     650
     582    1027     645
     585    1029     642
     587    1027     646
     589    1027     640
     587    1026     638
     582    1027     632
     589    1025     635
     589    1027     642
     590    1030     640
     590    1031     639
     590    1027     633
     585    1027     629
     581    1031     627
     581    1030     628
     579    1024     632
     576    1019     637
     577    1018     640
     575    1018     636
     581    1016     640
     585    1015     642
     590    1015     640
     596    1017     640
     590    1015     642
     590    1008     642
     585    1014     642
     591    1015     647
     595    1012     646
     596    1017     641
     599    1020     640
     602    1021     638
     596    1022     634
     601    1024     636
     604    1026     635
     602    1030     633
     604    1031     636
     601    1033     640
     599    1034     633
     598    1038     635
     595    1039     634
     590    1041     630
     588    1037     630
     583    1034     630
     587    1034     627
     592    1037     623
     594    1031     624
     598    1029     620
     598    1027     622
     603    1021     621
     600    1020     617
     597    1018     614
     602    1016     612
     598    1014     610
     592    1013     609
     595    1010     607
     596    1015     607
     590    1014     606
     590    1009     600
     587    1011     605
     584    1013     611
     584    1013     613
     586    1011     616
     590    1006     613
     591    1008     616
     592    1010     619
     595    1010     621
     595    1015     621
     596    1018     623
     598    1017     627
     597    1011     632
     594    1008     634
     592    1005     636
     585    1007     639
     588    1009     634
     586    1011     634
     580    1007     633
     579    1008     630
     583    1003     632
     584    1008     630
     583    1010     629
     584    1012     628
     583    1014     628
     585    1015     629
     585    1015     628
     584    1017     627
     587    1021     621
     591    1019     620
     593    1016     619
     597    1011     623
     599    1007     621
     600    1010     618
     595    1006     614
     595    1013     617
     593    1008     615
     591    1013     616
     593    1007     620
     590    1005     619
     586    1005     618
     582    1006     617
     578    1007     619
     571    1007     621
     570    1009     625
     566    1015     624
     564    1020     624
     565    1024     625
     566    1027     624
     568    1025     621
     570    1024     620
     573    1022     620
     575    1020     622
     574    1014     620
     571    1012     619
     568    1012     616
     565    1011     623
     561    1011     619
     558    1015     616
     561    1017     623
     560    1019     622
     561    1022     620
     562    1024     617
     563    1023     614
     568    1020     614
     575    1020     616
     578    1013     617
     576    1007     614
     576    1007     617
     574    1010     612
     572    1011     613
     574    1011     617
     573    1014     616
     575    1018     620
     573    1018     618
     572    1017     623
     568    1018     622
     566    1017     617
     564    1019     616
     558    1024     615
     559    1027     613
     565    1031     610
     562    1034     609
     560    1033     612
     564    1034     613
     563    1032     616
     567    1033     615
     565    1034     622
     572    1033     619
     568    1033     618
     569    1030     614
     570    1028     611
     572    1023     607
     574    1020     605
     574    1019     603
     575    1021     601
     573    1024     602
     573    1026     604
     572    1025     609
     573    1022     611
     570    1021     611
     573    1022     614
     574    1020     614
     576    1017     611
     578    1017     610
     580    1017     612
     582    1022     611
     583    1029     613
     583    1032     611
     586    1030     613
     587    1030     608
     587    1026     614
     590    1025     611
     592    1027     610
     590    1025     603
     584    1025     599
     582    1023     593
     578    1018     591
     577    1020     594
     576    1019     596
     572    1022     597
     568    1022     599
     563    1024     602
     561    1022     603
     560    1019     603
     566    1020     603
     566    1020     602
     564    1018     603
     558    1017     602
     561    1019     597
     563    1018     596
     566    1017     594
     569    1021     591
     570    1018     590
     572    1013     595
     574    1013     597
     576    1015     601
     581    1016     605
     579    1013     605
     578    1013     602
     583    1015     597
     583    1014     598
     585    1019     599
     581    1021     599
     581    1022     602
     581    1023     605
     581    1026     605
     578    1031     607
     575    1032     603
     576    1035     604
     576    1041     599
     572    1043     604
     572    1038     598
     570    1037     600
     566    1034     602
     563    1032     604
     560    1032     603
     560    1035     603
     558    1035     605
     559    1031     600
     563    1030     598
     561    1030     595
     567    1028     591
     565    1023     592
     564    1026     592
     561    1024     589
     566    1030     590
     566    1033     593
     562    1035     594
     564    1035     597
     558    1036     599
     556    1033     603
     556    1030     607
     560    1027     605
     561    1026     601
     558    1025     598
