     275     203     304
     282     203     307
     286     204     313
     288     200     319
     291     202     326
     293     209     328
     295     216     330
     290     215     324
     286     217     330
     279     220     330
     278     220     328
     281     224     327
     283     225     323
     285     229     323
     290     231     321
     296     228     319
     297     233     320
     299     233     321
     293     238     322
     295     235     323
     295     235     329
     295     235     331
     297     236     332
     296     240     335
     293     244     332
     292     242     329
     288     241     327
     282     243     327
     282     244     326
     276     243     323
     272     248     322
     270     243     323
     265     243     328
     267     237     325
     268     233     328
     271     227     325
     273     221     326
     274     220     322
     277     216     324
     276     213     323
     273     215     317
     272     222     319
     273     217     323
     279     219     320
     284     219     321
     291     220     319
     285     222     316
     286     222     313
     287     225     320
     287     227     324
     284     230     319
     283     231     316
     280     230     315
     286     230     312
     280     233     308
     276     233     312
     282     236     314
     283     241     320
     286     241     327
     290     240     333
     295     245     335
     296     249     331
     301     252     335
     303     258     334
     301     256     339
     295     255     334
     290     259     332
     283     257     329
     279     251     326
     276     248     326
     275     241     323
     270     241     328
     272     242     333
     276     238     338
     282     234     341
     288     229     340
     287     224     334
     288     226     331
     291     229     330
     289     229     328
     286     229     328
     283     230     329
     279     233     333
     274     233     327
     276     236     327
     280     236     327
     283     233     327
     280     232     328
     276     229     328
     275     226     333
     274     228     331
     277     230     332
     280     236     334
     282     242     334
     285     245     339
     288     242     337
     290     244     338
     286     248     337
     282     248     337
     281     249     332
     279     253     329
     279     254     335
     282     252     328
     286     252     328
     287     253     330
     289     257     326
     292     258     327
     286     263     327
     287     262     333
     290     257     333
     292     251     333
     294     251     330
     296     250     323
     289     252     321
     294     248     320
     292     248     319
     291     246     314
     290     244     313
     285     242     315
     286     244     312
     291     241     308
     297     241     310
     296     239     310
     302     241     308
     295     244     310
     295     242     306
     293     238     304
     296     239     310
     302     236     306
     303     241     312
     304     243     316
     307     243     315
     302     246     317
     307     243     320
     310     245     324
     308     242     326
     310     249     327
     304     250     332
     304     250     328
     304     243     330
     301     241     330
     298     239     328
     296     241     325
     294     241     322
     296     246     322
     300     252     319
     304     256     319
     304     258     312
     304     256     313
     303     262     308
     299     262     305
     294     262     303
     296     268     303
     291     269     304
     287     270     304
     289     267     301
     291     265     300
     284     265     300
     284     262     295
     281     261     300
     282     259     307
     282     258     312
     285     260     312
     287     264     312
     289     266     313
     290     261     312
     293     261     313
     291     258     310
     294     258     312
     297     255     307
     301     250     303
     299     250     302
     299     247     298
     297     248     303
     293     246     300
     292     244     300
     286     243     297
     286     250     294
     291     252     296
     290     251     298
     287     249     300
     284     246     297
     285     248     296
     286     250     302
     286     251     300
     282     250     305
     281     248     304
     285     254     307
     287     260     310
     293     261     315
     296     266     317
     296     268     312
     291     270     312
     289     268     308
     289     270     310
     288     266     309
     291     265     316
     288     268     316
     286     266     319
     282     265     317
     279     264     319
     278     267     318
     276     271     320
     277     275     314
     274     275     317
     271     280     312
     272     280     308
     269     278     307
     270     275     307
     270     272     307
     277     271     309
     275     267     312
     274     267     314
     272     268     313
     272     273     319
     266     273     319
     260     272     314
     264     272     318
     267     278     315
     267     279     313
     265     278     308
     263     274     306
     265     270     308
     271     267     308
     276     262     309
     275     260     316
     276     262     318
     273     260     313
     271     262     313
     273     263     314
     270     265     313
     274     267     310
     275     268     307
     277     273     310
     274     274     312
     274     274     310
     275     274     307
     276     277     300
     275     274     296
     272     276     296
     268     278     294
     269     281     295
     265     281     297
     264     280     300
     264     282     301
     268     287     303
     274     285     304
     268     284     302
     265     277     302
     265     273     302
     263     266     302
     265     261     301
     266     260     298
     266     259     296
     261     259     300
     261     262     302
     264     266     303
     267     267     303
     266     268     305
     268     268     306
     271     266     306
     272     263     304
     273     261     305
     274     260     306
     268     257     309
     266     253     310
     268     251     309
     271     250     310
     268     247     307
     275     248     308
     277     249     307
     275     245     305
     272     245     299
     272     249     295
     268     249     289
     264     250     291
     265     254     290
     263     253     295
     260     259     294
     260     264     294
     259     270     294
     257     272     294
     256     272     295
     259     266     298
     260     265     296
     257     266     299
     255     267     297
     254     266     292
     254     263     291
     255     260     291
     259     258     287
     257     256     288
     257     253     294
     259     254     296
     265     256     297
     272     259     298
     274     258     300
     271     256     298
     272     254     291
     274     255     293
     273     254     295
     269     255     294
     269     254     299
     270     255     302
     268     255     303
     271     260     298
     272     266     295
     275     267     291
     280     269     286
     279     264     284
     274     264     285
     272     266     284
     270     271     288
     266     273     291
     264     276     289
     265     277     287
     266     279     289
     261     275     288
     263     269     287
     260     271     285
     259     264     282
     258     263     287
     260     264     285
     256     265     282
     263     263     282
     265     267     281
     264     271     280
     268     271     282
     266     275     284
     270     277     287
     270     274     292
     269     271     293
     264     270     291
     259     270     288
