    1510     455     140
    1507     460     145
    1503     465     148
    1508     468     153
    1511     475     155
    1510     481     150
    1511     487     146
    1508     481     143
    1502     482     143
    1500     489     140
    1497     490     138
    1501     491     135
    1505     489     134
    1507     489     131
    1513     489     133
    1517     493     138
    1520     491     131
    1521     492     132
    1519     495     125
    1517     495     130
    1514     498     127
    1511     499     130
    1511     500     131
    1510     500     125
    1509     503     122
    1508     504     125
    1506     503     125
    1501     501     120
    1500     503     121
    1496     505     123
    1493     508     120
    1492     507     127
    1486     507     122
    1486     501     125
    1488     498     129
    1493     497     135
    1493     492     139
    1498     496     141
    1502     496     142
    1499     493     147
    1498     499     147
    1496     501     141
    1495     494     144
    1502     493     142
    1503     486     140
    1505     479     137
    1502     479     133
    1508     477     131
    1504     482     129
    1506     485     129
    1511     481     132
    1511     481     126
    1508     481     124
    1515     483     127
    1516     478     121
    1513     481     119
    1518     484     120
    1513     489     118
    1510     490     117
    1511     494     120
    1510     501     122
    1507     508     123
    1504     515     124
    1498     519     126
    1499     521     123
    1502     517     120
    1500     517     117
    1499     513     113
    1498     509     117
    1498     504     115
    1495     503     121
    1489     500     120
    1494     505     118
    1493     499     113
    1496     492     114
    1499     486     118
    1502     485     125
    1505     490     130
    1508     493     133
    1508     492     130
    1504     491     128
    1502     493     129
    1496     492     125
    1492     493     124
    1494     496     124
    1498     497     124
    1501     492     126
    1500     496     129
    1495     491     130
    1492     490     132
    1494     493     132
    1497     495     129
    1500     493     122
    1504     495     116
    1508     494     114
    1510     496     116
    1512     500     115
    1509     501     113
    1509     500     110
    1504     501     111
    1505     504     108
    1502     504     109
    1504     509     112
    1507     507     114
    1505     511     116
    1508     516     116
    1508     515     114
    1507     518     107
    1507     516     108
    1509     511     113
    1511     508     117
    1511     508     119
    1515     510     121
    1519     508     119
    1522     501     121
    1522     502     123
    1522     508     124
    1520     511     122
    1517     512     121
    1520     514     121
    1521     516     126
    1520     517     131
    1515     516     129
    1517     514     134
    1514     519     129
    1518     523     130
    1515     522     127
    1510     525     130
    1515     525     135
    1516     519     137
    1516     512     135
    1515     513     140
    1512     513     133
    1509     513     135
    1508     510     139
    1505     509     136
    1504     515     136
    1503     514     130
    1505     511     129
    1506     506     132
    1509     504     130
    1515     500     132
    1516     501     128
    1517     503     128
    1520     503     128
    1524     503     134
    1527     507     133
    1533     510     130
    1532     510     132
    1538     512     128
    1539     515     122
    1541     514     117
    1544     511     115
    1542     510     111
    1538     511     106
    1540     511     107
    1542     515     110
    1537     516     105
    1537     522     109
    1531     521     108
    1527     517     110
    1528     516     109
    1528     511     111
    1532     507     108
    1532     508     112
    1531     511     115
    1533     511     119
    1533     515     118
    1531     513     121
    1533     519     125
    1530     523     130
    1526     521     130
    1525     528     130
    1525     522     128
    1521     523     124
    1521     526     125
    1518     529     120
    1516     526     114
    1518     524     116
    1522     526     118
    1525     526     119
    1525     531     119
    1522     531     118
    1518     527     117
    1524     524     117
    1522     524     115
    1529     527     116
    1533     521     118
    1535     514     117
    1533     507     120
    1535     503     119
    1538     507     118
    1537     505     112
    1534     502     112
    1535     507     109
    1535     510     112
    1531     506     116
    1530     504     112
    1526     504     111
    1525     508     110
    1520     508     108
    1519     507     105
    1516     506     102
    1517     507      95
    1518     504      96
    1522     505      90
    1525     505      89
    1525     508      90
    1524     509      92
    1528     510      96
    1523     509      98
    1521     511     101
    1519     512     101
    1517     515      99
    1514     508      98
    1511     512      94
    1511     518      90
    1511     511      93
    1515     508      89
    1518     509      87
    1522     512      86
    1522     515      88
    1523     517      92
    1527     514      98
    1523     517     104
    1520     515     108
    1520     513     108
    1519     518     104
    1519     518     101
    1520     514     103
    1524     514     101
    1520     516      99
    1523     514      98
    1524     507      98
    1522     507      95
    1520     513      93
    1518     513      91
    1518     513      83
    1521     518      85
    1526     516      83
    1528     517      78
    1526     514      79
    1531     514      81
    1528     511      82
    1531     512      83
    1534     506      85
    1536     508      90
    1531     509      85
    1531     514      87
    1531     518      89
    1528     522      92
    1529     525      95
    1527     527      96
    1530     531      96
    1531     529      93
    1533     526      92
    1532     520      93
    1530     519      95
    1528     518      93
    1529     515      96
    1526     517      97
    1526     520     100
    1528     521     101
    1528     520     103
    1532     520     103
    1539     523     102
    1542     526      99
    1542     526     104
    1541     531     103
    1539     529     110
    1538     526     111
    1538     531     113
    1535     535     108
    1531     536     102
    1525     539     102
    1523     539      98
    1522     535      97
    1525     534      97
    1525     531      92
    1524     529      89
    1527     527      84
    1530     528      82
    1529     532      82
    1532     531      87
    1528     529      88
    1529     530      87
    1530     534      85
    1526     536      85
    1524     535      86
    1522     536      89
    1518     533      90
    1519     537      91
    1518     531      95
    1519     530      97
    1523     528      98
    1527     526     104
    1525     525     104
    1522     528     102
    1524     532     105
    1525     531     105
    1529     533     105
    1529     533     100
    1530     530     101
    1532     528     100
    1535     530      99
    1538     526      95
    1540     528      90
    1541     523      89
    1542     522      82
    1543     528      81
    1540     524      79
    1536     527      78
    1531     525      77
    1524     523      80
    1528     522      76
    1525     522      74
    1525     519      75
    1525     526      75
    1522     528      79
    1519     528      78
    1517     530      82
    1517     532      85
    1522     536      81
    1517     536      81
    1514     529      82
    1518     532      76
    1524     531      72
    1521     526      73
    1524     526      72
    1520     520      75
    1522     520      78
    1528     524      81
    1523     526      82
    1522     529      82
