    1181     818     707
    1184     824     703
    1185     821     696
    1190     817     692
    1188     811     688
    1185     804     690
    1184     798     686
    1191     797     689
    1185     796     693
    1182     792     699
    1186     790     701
    1187     785     699
    1187     786     696
    1186     784     693
    1187     784     687
    1187     787     682
    1186     782     679
    1182     787     679
    1178     781     682
    1179     784     684
    1177     780     686
    1181     778     686
    1182     776     686
    1181     774     688
    1181     770     686
    1179     772     687
    1176     774     691
    1176     771     696
    1176     770     698
    1171     775     699
    1165     771     701
    1169     776     705
    1168     781     707
    1174     777     709
    1177     781     708
    1181     786     708
    1186     789     706
    1191     790     705
    1187     794     703
    1190     797     704
    1186     799     707
    1181     794     704
    1188     794     706
    1192     791     700
    1192     792     696
    1196     791     690
    1197     788     692
    1198     785     694
    1193     784     693
    1190     783     692
    1194     781     694
    1195     779     691
    1196     777     694
    1195     780     687
    1201     776     684
    1200     772     690
    1197     773     684
    1192     770     689
    1193     767     691
    1187     770     689
    1184     768     685
    1181     764     684
    1182     760     681
    1184     755     680
    1185     754     684
    1178     756     686
    1172     757     691
    1168     763     693
    1168     770     696
    1172     770     697
    1173     776     699
    1172     780     703
    1170     780     698
    1167     786     695
    1170     787     695
    1174     788     695
    1179     789     695
    1181     786     694
    1181     785     692
    1184     782     692
    1184     781     695
    1185     780     697
    1185     775     702
    1182     775     706
    1180     775     703
    1179     777     699
    1184     778     698
    1186     777     700
    1185     780     703
    1187     781     706
    1185     782     706
    1188     777     705
    1187     771     701
    1186     767     697
    1188     765     696
    1187     766     692
    1184     766     690
    1182     765     693
    1182     762     696
    1179     764     697
    1176     762     699
    1175     765     698
    1170     764     692
    1174     764     691
    1175     764     689
    1173     762     684
    1172     761     687
    1172     754     685
    1169     756     692
    1174     759     687
    1175     766     685
    1177     766     684
    1174     769     680
    1168     772     684
    1170     779     684
    1171     784     683
    1169     786     678
    1167     783     678
    1164     788     680
    1162     782     676
    1164     780     674
    1169     778     670
    1169     777     673
    1176     778     671
    1170     775     672
    1166     781     669
    1167     780     665
    1172     781     671
    1172     782     665
    1173     775     666
    1173     772     673
    1176     771     668
    1175     770     673
    1179     770     672
    1184     771     670
    1184     768     671
    1182     764     670
    1184     763     677
    1183     762     674
    1186     768     678
    1185     773     679
    1184     777     681
    1178     777     683
    1175     780     683
    1172     777     687
    1168     778     687
    1165     775     686
    1158     778     686
    1158     778     689
    1156     775     686
    1155     772     680
    1158     768     677
    1162     769     681
    1162     765     678
    1163     761     679
    1164     762     677
    1165     764     676
    1168     758     675
    1172     759     671
    1168     759     669
    1165     757     671
    1161     757     675
    1159     758     681
    1158     759     685
    1156     761     682
    1152     764     680
    1150     766     683
    1151     766     678
    1154     772     682
    1151     775     677
    1153     782     674
    1158     779     672
    1155     781     666
    1158     781     670
    1159     777     668
    1161     776     665
    1161     772     661
    1156     769     664
    1151     775     664
    1156     771     667
    1156     772     665
    1153     771     661
    1158     771     660
    1162     768     664
    1160     768     666
    1158     765     667
    1155     764     664
    1153     766     671
    1152     764     676
    1151     768     679
    1147     765     684
    1154     766     687
    1158     763     687
    1162     763     683
    1159     761     683
    1158     762     679
    1152     762     684
    1152     759     685
    1156     757     688
    1153     754     682
    1154     752     683
    1150     751     680
    1151     747     683
    1157     743     683
    1162     745     684
    1162     738     682
    1164     734     681
    1160     736     677
    1159     738     676
    1157     739     673
    1155     743     674
    1154     748     676
    1154     747     678
    1159     749     677
    1160     746     684
    1165     745     683
    1171     744     678
    1168     745     683
    1163     739     684
    1159     736     683
    1162     735     677
    1166     738     674
    1159     740     671
    1155     743     671
    1152     750     671
    1152     754     673
    1149     753     675
    1155     753     672
    1154     750     671
    1150     747     673
    1154     747     672
    1158     748     674
    1157     746     673
    1153     743     679
    1155     740     679
    1156     741     677
    1155     738     675
    1155     731     672
    1155     731     666
    1161     731     668
    1163     728     666
    1163     726     669
    1166     728     671
    1166     729     673
    1168     731     673
    1171     730     679
    1171     737     677
    1167     732     675
    1169     734     673
    1168     738     669
    1167     742     667
    1165     747     664
    1168     748     662
    1169     748     660
    1167     745     660
    1168     742     663
    1166     742     668
    1165     745     670
    1162     742     669
    1161     743     671
    1159     746     670
    1164     749     670
    1162     750     668
    1160     753     669
    1157     749     663
    1152     747     660
    1151     748     659
    1149     752     660
    1151     752     657
    1153     758     660
    1151     759     662
    1150     759     658
    1157     759     655
    1161     753     653
    1165     756     651
    1169     753     650
    1171     750     654
    1166     750     654
    1167     744     656
    1166     741     657
    1166     736     660
    1160     735     658
    1158     736     655
    1162     740     658
    1164     740     659
    1160     739     658
    1158     738     653
    1161     739     650
    1163     740     650
    1165     742     649
    1169     742     649
    1169     744     648
    1174     747     653
    1174     749     657
    1170     751     661
    1165     754     664
    1164     755     665
    1167     755     663
    1170     757     658
    1170     757     661
    1167     758     659
    1164     754     657
    1163     753     659
    1161     752     661
    1158     750     660
    1160     743     660
    1167     740     662
    1174     738     665
    1180     735     666
    1180     739     662
    1179     733     661
    1175     732     662
    1171     730     661
    1166     729     661
    1167     727     662
    1166     725     660
    1166     724     664
    1165     727     657
    1166     730     654
    1168     730     653
    1172     735     650
    1171     738     651
    1167     734     649
    1167     734     646
    1171     732     648
    1174     731     653
    1172     726     654
    1172     727     657
    1167     724     656
    1162     724     660
    1159     727     663
    1160     732     661
    1164     732     658
    1162     731     653
