     853     199      59
     855     199      66
     862     200      68
     869     198      65
     875     196      63
     882     193      64
     886     187      66
     890     192      69
     884     192      73
     881     194      80
     884     195      81
     888     192      84
     889     190      82
     889     186      82
     892     182      79
     891     180      73
     895     176      74
     889     176      72
     884     175      77
     887     175      79
     887     175      82
     890     175      84
     892     175      86
     890     175      89
     889     171      92
     889     173      90
     884     176      89
     881     179      94
     881     179      95
     875     183      97
     868     182      94
     871     188      93
     869     191      90
     874     193      91
     877     194      93
     880     196      87
     884     199      86
     887     201      82
     883     198      78
     886     203      78
     880     205      79
     878     198      80
     884     202      81
     890     198      80
     891     195      76
     896     190      73
     897     192      77
     900     192      80
     895     192      82
     894     187      81
     897     189      84
     900     186      83
     900     188      87
     900     182      82
     907     182      85
     904     185      90
     904     179      85
     899     179      89
     898     180      96
     895     178      93
     894     172      93
     890     168      96
     890     164     101
     893     166     105
     890     161     106
     885     165     105
     878     166     104
     874     172     101
     873     177      95
     874     179      92
     876     184      91
     874     188      90
     873     183      86
     874     182      83
     876     182      80
     877     185      78
     882     187      78
     884     186      80
     886     183      81
     888     183      84
     889     185      85
     889     187      88
     886     189      94
     884     191      96
     881     188      95
     883     185      91
     887     186      89
     888     188      91
     886     192      90
     887     196      91
     885     195      92
     889     191      94
     888     186      98
     886     180      99
     888     179     102
     892     178      98
     889     174      97
     885     175      95
     884     176     102
     878     176      98
     876     173      91
     878     176      93
     875     170      94
     880     171      94
     879     169      99
     879     164      97
     876     164      98
     869     167      97
     874     164     101
     881     166      98
     884     167      94
     886     167      94
     885     164      90
     881     166      84
     883     167      81
     884     167      79
     882     163      82
     879     162      85
     880     163      84
     876     158      88
     878     155      84
     883     153      86
     883     156      88
     888     153      86
     882     154      91
     879     150      90
     877     154      91
     880     152      98
     884     148      94
     888     151      92
     889     156      90
     893     153      88
     890     158      88
     894     158      90
     898     158      88
     899     161      89
     899     159      96
     895     162      97
     896     166      93
     897     167      89
     896     168      87
     894     172      82
     891     170      83
     887     169      82
     889     169      80
     893     165      75
     893     160      77
     890     161      70
     890     156      73
     887     152      67
     885     154      64
     878     154      61
     880     158      59
     875     159      59
     875     164      62
     880     165      62
     878     167      60
     871     166      61
     874     172      57
     872     171      63
     871     171      70
     873     170      71
     875     165      72
     878     163      70
     877     161      70
     877     159      71
     878     154      70
     878     152      70
     882     156      73
     881     149      74
     883     145      80
     880     149      81
     877     143      85
     878     147      82
     874     150      85
     873     149      84
     867     149      88
     864     151      86
     868     145      88
     869     148      82
     868     150      80
     866     145      79
     864     147      80
     866     151      84
     866     152      79
     864     153      78
     863     151      72
     868     151      70
     870     155      67
     875     151      70
     873     151      67
     878     155      64
     874     160      64
     879     163      67
     873     159      66
     873     160      68
     873     157      71
     872     159      72
     874     162      75
     871     163      76
     869     163      80
     867     163      83
     866     163      87
     858     163      87
     858     167      89
     855     172      90
     852     174      89
     855     175      86
     857     174      85
     860     175      83
     864     172      86
     865     168      82
     863     166      80
     861     165      79
     858     161      83
     855     159      83
     849     162      80
     854     163      86
     852     167      89
     851     168      86
     850     171      84
     853     178      82
     859     179      80
     862     175      80
     869     174      80
     872     172      76
     871     170      78
     869     173      75
     866     172      79
     867     169      81
     863     168      78
     865     175      81
     862     171      81
     863     167      85
     859     169      86
     857     168      83
     854     166      82
     847     167      81
     846     168      78
     846     172      78
     841     176      78
     842     176      81
     844     180      82
     846     178      83
     847     181      83
     848     182      89
     854     182      85
     849     179      86
     850     179      81
     853     179      76
     856     178      72
     858     176      69
     859     176      67
     859     177      64
     854     174      66
     853     173      69
     854     172      73
     857     174      74
     857     176      76
     858     173      77
     860     170      75
     862     171      73
     861     168      71
     863     168      71
     860     165      71
     856     160      70
     854     160      69
     856     156      69
     855     158      64
     860     155      67
     862     157      63
     859     154      62
     861     160      59
     856     166      58
     858     170      54
     858     176      54
     856     176      57
     859     176      60
     853     178      63
     851     180      66
     847     182      71
     845     184      71
     847     185      70
     852     180      69
     851     179      68
     852     182      70
     850     185      68
     849     185      65
     849     185      62
     851     184      60
     850     179      57
     852     182      56
     859     183      59
     861     181      60
     862     176      64
     864     171      65
     866     173      67
     865     176      65
     864     174      58
     866     173      59
     863     170      59
     859     170      60
     859     169      63
     859     167      65
     856     166      66
     851     166      69
     848     167      69
     845     165      67
     840     161      69
     840     160      65
     840     165      63
     837     167      66
     840     171      69
     841     177      73
     839     177      73
     837     178      73
     837     177      76
     839     181      71
     841     177      66
     838     181      65
     840     181      60
     845     176      59
     843     179      60
     842     182      57
     842     175      58
     838     175      61
     834     177      65
     836     173      66
     834     174      69
     837     173      75
     842     172      74
     844     172      72
     844     176      69
     842     182      66
