     496     462    1590
     499     468    1594
     505     468    1599
     510     469    1604
     513     473    1609
     516     480    1611
     516     487    1612
     513     487    1618
     510     485    1613
     503     484    1611
     499     485    1612
     498     490    1614
     501     491    1614
     502     495    1612
     507     498    1612
     513     497    1613
     514     503    1613
     515     500    1609
     510     499    1604
     509     500    1606
     506     503    1604
     506     506    1606
     504     507    1608
     501     506    1605
     499     509    1602
     502     508    1602
     500     502    1601
     493     500    1601
     493     500    1599
     494     494    1596
     489     492    1591
     490     488    1596
     490     483    1599
     486     488    1601
     488     487    1605
     492     484    1609
     494     483    1614
     497     483    1618
     500     481    1614
     501     479    1618
     500     474    1613
     499     479    1609
     496     480    1616
     500     485    1619
     504     487    1619
     509     492    1621
     505     493    1622
     503     496    1625
     500     494    1620
     503     496    1616
     500     498    1619
     502     502    1620
     499     502    1621
     506     503    1619
     505     509    1624
     499     508    1622
     504     511    1620
     499     510    1614
     494     510    1614
     497     509    1610
     499     513    1605
     497     514    1600
     496     520    1598
     491     521    1600
     492     523    1595
     493     518    1593
     490     512    1589
     490     504    1589
     494     498    1592
     491     497    1596
     493     493    1599
     493     488    1599
     498     490    1597
     502     486    1597
     503     488    1599
     505     488    1602
     505     488    1607
     503     491    1608
     504     494    1608
     502     497    1609
     499     497    1611
     497     496    1611
     490     496    1609
     487     494    1608
     490     494    1606
     494     496    1605
     496     496    1609
     493     497    1611
     492     492    1611
     489     490    1614
     490     490    1613
     490     496    1614
     488     501    1610
     489     506    1609
     489     509    1609
     492     509    1607
     494     510    1604
     491     509    1602
     486     509    1601
     488     506    1600
     485     504    1598
     488     502    1597
     493     503    1593
     495     507    1594
     492     508    1593
     498     508    1589
     496     512    1588
     493     507    1583
     489     510    1586
     494     511    1591
     499     509    1595
     498     510    1597
     503     510    1593
     504     504    1590
     505     500    1596
     506     499    1597
     510     497    1595
     508     498    1592
     512     492    1593
     514     493    1593
     518     496    1596
     518     501    1596
     514     506    1592
     517     509    1597
     516     506    1593
     518     502    1594
     514     500    1591
     510     505    1589
     515     508    1591
     513     511    1593
     508     514    1592
     510     518    1593
     507     517    1592
     509     517    1597
     509     521    1599
     508     522    1602
     504     524    1597
     500     521    1599
     503     519    1602
     504     517    1605
     506     514    1605
     508     509    1607
     507     506    1604
     509     502    1602
     510     507    1602
     516     511    1605
     519     515    1599
     521     518    1592
     523     519    1593
     524     520    1587
     525     517    1580
     523     514    1575
     522     520    1573
     521     516    1571
     515     514    1568
     517     518    1568
     521     515    1568
     517     511    1565
     517     512    1559
     515     509    1563
     512     508    1570
     509     509    1568
     511     511    1575
     509     517    1571
     511     516    1574
     513     514    1578
     515     516    1581
     516     512    1580
     518     515    1584
     525     513    1586
     528     508    1590
     525     507    1590
     527     503    1593
     525     500    1595
     523     501    1589
     524     499    1589
     520     496    1583
     520     493    1583
     525     494    1587
     523     498    1584
     522     500    1582
     528     499    1582
     526     497    1582
     519     499    1581
     517     501    1581
     518     501    1579
     524     504    1576
     522     508    1577
     518     513    1579
     514     519    1582
     513     522    1581
     516     522    1578
     512     521    1574
     512     516    1580
     513     517    1574
     514     512    1575
     510     517    1579
     507     516    1579
     504     515    1577
     505     511    1575
     503     508    1578
     504     506    1579
     497     504    1578
     499     497    1580
     499     495    1583
     497     490    1581
     497     487    1579
     501     489    1580
     502     491    1576
     503     494    1573
     506     498    1579
     505     501    1577
     502     502    1576
     502     499    1574
     496     500    1579
     492     498    1575
     492     493    1569
     490     494    1576
     494     492    1580
     494     492    1576
     497     488    1574
     498     488    1570
     499     493    1568
     503     497    1570
     501     503    1568
     502     507    1568
     501     507    1571
     502     504    1567
     506     503    1571
     504     503    1573
     507     500    1575
     502     499    1572
     507     497    1575
     505     498    1580
     502     496    1580
     505     495    1579
     506     493    1580
     507     486    1581
     513     484    1577
     509     483    1575
     507     478    1573
     506     478    1576
     501     479    1574
     499     481    1573
     499     482    1574
     497     480    1581
     503     484    1584
     502     482    1580
     503     485    1575
     504     488    1569
     506     491    1565
     510     493    1563
     510     494    1561
     511     493    1559
     512     490    1561
     512     489    1565
     509     490    1568
     507     493    1568
     505     492    1569
     508     494    1573
     509     496    1571
     509     499    1568
     512     499    1568
     512     501    1569
     516     498    1570
     522     494    1571
     522     491    1571
     526     493    1571
     526     495    1567
     525     500    1570
     525     503    1569
     528     504    1569
     526     501    1562
     523     495    1559
     521     495    1553
     516     494    1550
     515     492    1553
     513     494    1555
     511     488    1557
     507     486    1559
     502     482    1562
     501     479    1562
     501     481    1561
     505     487    1561
     508     486    1561
     506     486    1562
     502     484    1559
     504     481    1555
     505     483    1554
     507     485    1552
     513     484    1552
     511     486    1549
     508     493    1551
     507     495    1553
     510     497    1558
     513     501    1562
     511     502    1562
     510     501    1559
     516     501    1554
     515     502    1556
     518     501    1558
     518     495    1558
     517     497    1561
     517     496    1564
     518     493    1566
     518     489    1569
     517     485    1569
     519     483    1569
     523     478    1572
     526     479    1568
     523     476    1566
     521     474    1566
     514     477    1568
     507     477    1568
     506     474    1568
     508     473    1568
     507     473    1571
     505     474    1564
     511     476    1562
     510     473    1560
     510     476    1554
     510     480    1553
     513     479    1556
     513     476    1553
     518     478    1557
     516     474    1560
     514     470    1561
     515     472    1565
     512     471    1567
     511     474    1573
     511     479    1572
     512     481    1569
     510     479    1565
     508     477    1560
