     114     913    1263
     118     918    1259
     120     922    1254
     119     924    1247
     118     927    1241
     115     925    1234
     115     922    1227
     108     920    1225
     110     919    1232
     110     913    1237
     107     911    1236
     107     907    1232
     109     908    1229
     111     906    1227
     114     909    1222
     116     913    1220
     120     910    1216
     121     913    1219
     124     911    1226
     122     909    1225
     124     906    1226
     121     903    1224
     121     901    1222
     122     899    1225
     124     896    1225
     124     898    1224
     124     900    1231
     121     896    1234
     121     894    1235
     121     896    1241
     125     898    1247
     120     900    1246
     118     905    1248
     115     903    1246
     113     902    1244
     108     906    1242
     104     908    1239
     101     910    1237
     105     915    1236
      99     915    1235
     101     918    1242
     108     915    1241
     101     913    1238
     102     912    1231
     104     913    1228
     105     914    1221
     104     912    1222
     102     907    1220
     104     905    1225
     109     906    1224
     105     903    1223
     107     902    1219
     105     899    1221
     109     903    1216
     106     897    1212
     106     895    1217
     111     896    1213
     113     893    1220
     112     890    1221
     117     894    1222
     124     893    1221
     127     892    1221
     130     888    1218
     130     883    1218
     135     884    1218
     133     888    1224
     134     888    1231
     133     893    1237
     128     899    1237
     124     899    1238
     122     901    1238
     119     904    1242
     124     906    1239
     124     911    1239
     123     912    1237
     120     913    1236
     115     912    1233
     115     910    1231
     116     909    1229
     115     905    1228
     113     904    1229
     111     902    1230
     110     897    1235
     110     896    1239
     114     898    1238
     116     900    1235
     112     901    1232
     111     899    1232
     107     901    1235
     105     900    1237
     107     901    1238
     107     897    1234
     111     893    1232
     115     890    1230
     115     888    1228
     118     890    1224
     121     890    1225
     122     889    1228
     122     885    1230
     122     888    1234
     124     888    1237
     124     891    1237
     131     894    1235
     129     892    1232
     130     891    1229
     135     895    1230
     134     893    1232
     135     892    1239
     135     886    1235
     133     889    1229
     131     893    1226
     130     894    1225
     134     900    1224
     136     903    1230
     131     908    1229
     132     907    1228
     135     910    1228
     133     914    1225
     131     919    1224
     136     918    1226
     136     915    1220
     134     912    1215
     135     912    1217
     133     909    1212
     138     907    1217
     140     914    1218
     142     913    1215
     142     908    1209
     140     912    1208
     139     906    1209
     136     902    1215
     132     905    1210
     135     901    1216
     131     901    1210
     127     901    1208
     128     897    1209
     131     893    1209
     130     891    1214
     127     896    1214
     124     896    1215
     123     900    1216
     122     904    1219
     125     904    1222
     127     907    1223
     131     903    1225
     136     901    1220
     140     896    1216
     147     896    1216
     145     894    1216
     152     894    1218
     155     896    1222
     158     896    1227
     157     890    1226
     158     891    1231
     157     892    1236
     159     891    1234
     161     894    1232
     160     897    1239
     167     898    1240
     161     900    1241
     154     902    1238
     152     898    1242
     149     897    1239
     151     892    1238
     150     894    1235
     149     897    1232
     149     898    1228
     151     900    1229
     147     898    1224
     151     902    1219
     152     908    1214
     147     908    1218
     146     915    1217
     144     910    1221
     145     915    1221
     148     915    1220
     153     918    1222
     150     919    1228
     146     919    1227
     148     914    1227
     149     912    1227
     154     917    1227
     156     915    1224
     151     914    1228
     155     912    1225
     152     911    1230
     159     910    1227
     155     904    1227
     152     900    1228
     146     898    1228
     146     892    1227
     149     890    1228
     151     889    1232
     147     889    1232
     151     892    1234
     153     898    1232
     146     895    1231
     145     896    1234
     145     893    1239
     145     897    1241
     142     900    1242
     141     903    1240
     137     904    1242
     136     910    1244
     134     914    1243
     135     918    1241
     137     921    1240
     140     920    1241
     141     918    1240
     144     915    1239
     142     911    1237
     143     908    1240
     143     907    1245
     143     909    1245
     136     907    1247
     136     909    1252
     139     912    1256
     134     911    1250
     134     916    1247
     136     917    1248
     140     921    1248
     144     920    1247
     146     917    1245
     147     912    1244
     150     907    1239
     149     902    1245
     145     900    1246
     149     905    1247
     148     907    1246
     146     906    1247
     146     908    1242
     145     910    1239
     146     912    1239
     140     910    1239
     139     913    1241
     141     914    1245
     141     915    1248
     138     921    1252
     143     921    1253
     145     923    1251
     144     929    1254
     142     928    1252
     144     930    1248
     142     928    1247
     144     928    1243
     141     930    1240
     143     926    1236
     139     928    1242
     146     925    1243
     150     923    1244
     154     920    1243
     157     917    1244
     159     916    1246
     161     916    1248
     159     920    1245
     156     917    1250
     152     916    1249
     152     916    1241
     150     918    1242
     148     916    1242
     149     913    1243
     152     910    1243
     154     909    1246
     154     907    1242
     155     905    1249
     160     904    1251
     160     902    1249
     163     900    1243
     166     903    1237
     162     908    1233
     163     906    1233
     165     907    1230
     164     911    1234
     164     918    1237
     170     918    1239
     171     919    1244
     169     918    1247
     166     918    1245
     162     922    1248
     159     924    1250
     155     928    1251
     155     930    1250
     156     931    1248
     157     924    1247
     157     923    1250
     156     925    1246
     159     930    1246
     162     930    1250
     164     928    1251
     166     926    1251
     167     923    1254
     169     925    1252
     169     919    1251
     168     916    1252
     165     914    1249
     162     907    1247
     160     907    1245
     163     911    1246
     170     911    1244
     169     910    1245
     167     911    1242
     164     916    1241
     161     913    1242
     160     911    1243
     159     911    1248
     155     912    1254
     156     913    1257
     152     914    1258
     148     913    1264
     154     910    1266
     153     916    1265
     153     919    1266
     150     922    1261
     149     925    1257
     149     931    1256
     149     930    1259
     147     930    1260
     152     932    1257
     155     927    1258
     156     930    1260
     162     928    1261
     162     924    1258
     162     926    1260
     165     929    1260
     162     922    1262
     158     925    1263
     155     929    1265
     152     925    1264
     150     928    1264
     145     927    1260
     146     924    1257
     149     921    1256
     153     925    1255
     157     929    1256
