     567    1619    1017
     572    1618    1011
     569    1620    1004
     567    1626    1003
     561    1631    1002
     560    1636     996
     564    1641     994
     558    1646     993
     560    1645     996
     563    1649    1002
     563    1654    1005
     566    1657    1002
     565    1658     999
     568    1655     995
     568    1653     991
     566    1650     987
     567    1652     985
     568    1647     985
     574    1648     987
     574    1651     987
     577    1654     988
     577    1657     989
     578    1660     987
     581    1658     990
     585    1658     990
     583    1654     991
     582    1652     993
     583    1650     997
     584    1650     998
     582    1644     999
     586    1639    1001
     579    1639    1004
     582    1638    1009
     577    1642    1009
     574    1645    1010
     567    1648    1008
     563    1652    1009
     560    1653    1008
     558    1657    1005
     554    1653    1006
     553    1648    1008
     560    1646    1005
     557    1650    1006
     558    1655    1001
     559    1653     998
     557    1654     992
     559    1656     993
     558    1662     993
     564    1663     997
     568    1661     997
     562    1662     992
     565    1664     989
     565    1666     991
     565    1660     986
     564    1665     981
     568    1669     986
     569    1667     983
     574    1666     986
     578    1669     992
     580    1665     993
     585    1665     988
     590    1661     989
     594    1665     987
     598    1668     986
     602    1666     989
     597    1661     991
     600    1655     995
     596    1649     998
     589    1647    1001
     586    1646    1000
     581    1645    1003
     581    1644    1008
     585    1647    1010
     583    1654    1012
     580    1661    1010
     575    1666    1007
     569    1664    1003
     571    1660     998
     571    1653     995
     572    1658     995
     571    1656     996
     572    1657    1000
     576    1654    1004
     576    1651    1006
     576    1648    1002
     577    1651    1001
     573    1654     999
     572    1650     999
     570    1650    1003
     570    1653    1009
     570    1652    1008
     572    1654    1006
     579    1657    1004
     583    1659    1001
     586    1665    1000
     584    1663     998
     586    1663     995
     589    1661     999
     589    1659    1002
     589    1654    1002
     592    1650    1003
     592    1655    1004
     591    1650     998
     590    1653     993
     594    1653     997
     596    1651     992
     598    1654     990
     603    1648     989
     602    1652     995
     596    1655     993
     591    1658     991
     590    1658     990
     590    1652     987
     586    1649     982
     580    1647     984
     578    1644     986
     578    1641     987
     581    1640     991
     576    1637     993
     579    1637     986
     582    1633     989
     588    1638     989
     590    1640     988
     590    1641     983
     592    1638     990
     587    1635     987
     583    1637     988
     590    1640     990
     596    1639     988
     594    1643     984
     591    1647     983
     596    1648     981
     590    1649     981
     592    1652     980
     594    1656     977
     591    1658     977
     598    1658     979
     594    1663     982
     593    1661     977
     587    1661     981
     584    1661     983
     578    1658     984
     579    1654     985
     578    1649     987
     578    1653     982
     574    1657     978
     576    1657     976
     570    1653     973
     568    1652     974
     568    1646     972
     570    1643     968
     573    1640     963
     570    1646     962
     574    1647     960
     580    1646     958
     577    1649     957
     575    1644     956
     581    1642     955
     579    1643     948
     583    1643     953
     586    1642     960
     587    1644     960
     586    1648     964
     582    1652     962
     581    1649     965
     581    1646     968
     578    1644     970
     580    1641     968
     576    1644     974
     579    1641     975
     586    1638     976
     589    1636     978
     592    1630     982
     589    1629     986
     584    1631     981
     586    1630     982
     581    1625     980
     586    1624     975
     590    1624     978
     588    1627     975
     584    1626     977
     578    1627     975
     579    1625     974
     579    1629     978
     579    1630     974
     584    1632     973
     578    1631     968
     576    1636     967
     578    1640     967
     580    1643     972
     579    1645     972
     575    1649     967
     578    1652     964
     579    1653     965
     581    1647     964
     582    1644     964
     582    1649     970
     584    1650     969
     587    1653     968
     590    1650     966
     592    1645     970
     595    1645     970
     600    1646     972
     604    1640     971
     604    1638     974
     610    1638     969
     612    1638     965
     608    1638     964
     607    1638     966
     603    1638     963
     603    1644     965
     596    1642     967
     596    1639     968
     597    1634     968
     599    1637     974
     599    1631     973
     603    1627     970
     602    1632     976
     608    1634     973
     608    1632     970
     609    1632     965
     606    1631     962
     603    1637     958
     599    1639     961
     592    1640     964
     593    1647     961
     594    1649     963
     595    1645     958
     598    1644     960
     597    1645     964
     595    1638     965
     600    1643     963
     599    1639     964
     601    1642     969
     604    1641     968
     602    1636     968
     604    1632     969
     610    1628     967
     607    1626     964
     609    1628     959
     614    1625     958
     615    1628     958
     614    1631     956
     612    1633     955
     613    1634     958
     615    1638     956
     611    1642     956
     615    1637     960
     609    1635     956
     605    1634     954
     601    1634     953
     596    1632     953
     595    1633     951
     594    1632     949
     594    1628     952
     596    1627     956
     597    1628     961
     597    1632     959
     600    1633     959
     600    1635     960
     600    1639     958
     595    1638     958
     592    1636     959
     590    1636     961
     589    1634     961
     586    1628     963
     587    1625     963
     583    1623     962
     583    1625     959
     580    1629     962
     578    1631     959
     577    1627     958
     579    1630     953
     585    1627     950
     585    1628     944
     589    1630     941
     593    1631     942
     592    1631     945
     598    1629     947
     601    1628     948
     604    1624     952
     602    1621     954
     601    1618     953
     596    1621     953
     599    1625     952
     598    1623     952
     597    1619     950
     599    1619     947
     598    1621     945
     597    1623     943
     601    1627     941
     598    1625     939
     597    1632     941
     596    1635     943
     594    1636     948
     589    1638     952
     592    1641     952
     592    1639     949
     586    1636     945
     587    1638     947
     585    1635     949
     588    1632     949
     589    1632     952
     589    1631     955
     588    1629     956
     592    1625     961
     594    1621     962
     596    1620     965
     601    1615     966
     596    1612     963
     601    1611     961
     602    1614     959
     607    1617     958
     609    1622     958
     612    1622     955
     614    1622     953
     615    1624     953
     611    1618     953
     608    1620     950
     610    1622     947
     607    1624     940
     606    1626     944
     604    1619     944
     605    1620     940
     610    1625     942
     612    1620     944
     611    1614     949
     613    1617     949
     613    1615     954
     614    1619     958
     612    1621     960
     605    1621     958
     607    1623     952
     606    1621     949
