    1401     914    1416
    1395     917    1420
    1388     916    1423
    1383     917    1429
    1378     920    1433
    1373     925    1431
    1367     928    1428
    1373     928    1424
    1371     934    1425
    1371     939    1420
    1371     942    1418
    1369     937    1416
    1370     935    1412
    1366     931    1413
    1365     926    1414
    1365     921    1417
    1362     918    1411
    1361     918    1414
    1357     918    1408
    1358     922    1413
    1356     925    1411
    1354     928    1415
    1353     929    1416
    1355     929    1409
    1354     930    1405
    1351     931    1408
    1352     932    1409
    1355     938    1405
    1353     939    1407
    1353     943    1406
    1347     943    1410
    1349     948    1410
    1351     952    1409
    1354     951    1414
    1359     949    1415
    1367     949    1415
    1371     946    1416
    1375     943    1417
    1377     943    1414
    1379     943    1419
    1381     946    1412
    1374     948    1411
    1376     945    1418
    1377     938    1415
    1375     934    1418
    1376     927    1418
    1376     929    1414
    1379     929    1410
    1374     932    1409
    1370     932    1409
    1373     926    1410
    1372     926    1407
    1372     928    1405
    1369     922    1408
    1372     917    1403
    1373     923    1399
    1367     919    1401
    1364     925    1401
    1365     928    1398
    1361     929    1403
    1354     930    1405
    1347     932    1404
    1341     937    1403
    1336     941    1404
    1338     943    1401
    1342     938    1400
    1344     940    1397
    1347     943    1397
    1352     943    1400
    1352     941    1402
    1353     944    1408
    1357     950    1407
    1353     948    1403
    1358     949    1398
    1364     945    1401
    1369     942    1401
    1370     938    1406
    1366     935    1411
    1363     930    1416
    1361     930    1417
    1363     933    1415
    1362     935    1415
    1358     940    1419
    1357     942    1417
    1357     942    1413
    1359     940    1411
    1362     936    1413
    1359     938    1418
    1364     941    1414
    1364     942    1421
    1364     943    1419
    1363     943    1415
    1362     940    1408
    1362     937    1401
    1363     933    1398
    1361     931    1400
    1359     929    1399
    1358     934    1396
    1358     936    1392
    1357     938    1395
    1353     939    1389
    1355     939    1391
    1351     936    1394
    1351     933    1398
    1349     935    1397
    1346     932    1397
    1348     929    1394
    1352     923    1391
    1351     927    1388
    1352     928    1394
    1353     928    1398
    1349     928    1401
    1347     924    1402
    1347     920    1403
    1352     918    1403
    1349     920    1403
    1343     923    1399
    1340     927    1393
    1340     931    1389
    1338     925    1390
    1337     924    1395
    1336     923    1399
    1334     929    1399
    1335     923    1404
    1335     927    1401
    1332     923    1395
    1334     926    1393
    1331     932    1397
    1326     927    1400
    1330     928    1404
    1336     927    1406
    1331     928    1410
    1338     926    1408
    1337     929    1411
    1337     930    1414
    1340     933    1415
    1337     935    1414
    1340     936    1409
    1341     929    1410
    1346     932    1413
    1349     930    1412
    1354     924    1413
    1352     924    1410
    1351     922    1409
    1350     922    1413
    1349     922    1420
    1344     921    1416
    1345     920    1422
    1339     920    1422
    1342     916    1423
    1342     911    1423
    1345     907    1421
    1349     908    1421
    1350     907    1417
    1350     905    1415
    1352     908    1415
    1355     907    1415
    1355     904    1410
    1360     903    1409
    1355     902    1406
    1349     903    1404
    1347     904    1405
    1344     907    1407
    1346     909    1409
    1344     909    1410
    1341     911    1412
    1337     908    1415
    1337     909    1417
    1339     916    1414
    1332     914    1412
    1329     916    1405
    1331     915    1400
    1328     915    1396
    1330     918    1394
    1334     917    1395
    1335     917    1392
    1339     916    1386
    1340     912    1386
    1333     913    1388
    1336     912    1391
    1339     913    1393
    1341     913    1390
    1343     914    1390
    1345     915    1392
    1341     913    1396
    1346     913    1395
    1346     908    1401
    1342     909    1407
    1339     905    1413
    1334     911    1414
    1335     906    1415
    1341     908    1419
    1342     907    1415
    1349     910    1413
    1345     907    1412
    1343     905    1411
    1338     911    1411
    1340     912    1410
    1341     911    1405
    1341     907    1403
    1340     907    1401
    1335     903    1397
    1335     903    1392
    1341     900    1389
    1345     900    1388
    1341     895    1384
    1341     892    1384
    1340     891    1387
    1340     893    1389
    1337     891    1393
    1335     896    1393
    1338     900    1396
    1340     900    1396
    1343     899    1396
    1346     902    1391
    1350     903    1391
    1355     900    1393
    1351     904    1389
    1347     899    1385
    1347     895    1386
    1347     891    1387
    1343     886    1390
    1339     888    1396
    1337     892    1397
    1334     897    1401
    1335     900    1404
    1334     903    1402
    1339     898    1403
    1338     896    1402
    1337     899    1400
    1339     896    1400
    1337     896    1397
    1341     896    1396
    1337     899    1391
    1339     897    1390
    1344     896    1392
    1347     896    1391
    1351     893    1385
    1353     890    1391
    1351     887    1389
    1353     883    1385
    1350     883    1383
    1347     881    1385
    1346     884    1385
    1344     881    1386
    1340     883    1380
    1336     884    1386
    1342     884    1385
    1343     883    1389
    1344     883    1394
    1344     884    1399
    1349     887    1402
    1351     887    1404
    1351     885    1406
    1348     883    1406
    1346     883    1403
    1345     886    1399
    1344     888    1399
    1342     887    1397
    1341     889    1396
    1343     893    1399
    1347     894    1401
    1347     896    1403
    1345     896    1404
    1343     893    1407
    1339     888    1411
    1339     890    1412
    1339     891    1413
    1342     888    1417
    1341     895    1415
    1345     896    1417
    1342     896    1418
    1349     894    1418
    1353     892    1415
    1357     888    1417
    1356     883    1415
    1357     884    1411
    1353     884    1411
    1352     880    1406
    1353     878    1401
    1351     877    1395
    1351     875    1394
    1350     874    1396
    1348     878    1402
    1350     879    1400
    1347     878    1399
    1349     874    1400
    1353     872    1401
    1355     873    1404
    1356     875    1406
    1360     878    1407
    1359     876    1409
    1354     878    1412
    1358     883    1408
    1355     888    1405
    1352     894    1405
    1351     896    1405
    1354     892    1406
    1359     891    1411
    1359     893    1409
    1356     894    1412
    1354     890    1411
    1350     890    1410
    1348     891    1409
    1346     889    1409
    1350     891    1403
    1354     889    1399
    1359     892    1396
    1365     895    1392
    1366     894    1398
    1365     890    1397
    1366     888    1393
    1360     886    1391
    1357     884    1389
    1356     878    1387
    1358     880    1387
    1356     880    1385
    1357     876    1390
    1359     879    1395
    1361     875    1393
    1363     874    1399
    1361     879    1402
    1362     877    1400
    1363     872    1401
    1366     879    1400
    1365     880    1396
    1366     878    1391
    1365     882    1391
    1362     880    1388
    1359     884    1385
    1356     886    1390
    1355     885    1393
    1356     881    1394
    1357     876    1396
