     376     435    1096
     377     438    1101
     375     441    1108
     373     442    1115
     368     442    1121
     361     445    1123
     354     443    1126
     357     436    1126
     354     436    1130
     349     431    1133
     347     428    1133
     346     429    1128
     345     427    1125
     344     430    1122
     347     433    1117
     352     437    1114
     350     435    1109
     350     440    1111
     345     441    1111
     344     436    1112
     342     436    1112
     339     440    1115
     339     442    1115
     335     441    1116
     332     439    1115
     333     438    1114
     334     434    1117
     330     436    1123
     328     438    1125
     327     434    1131
     327     428    1128
     327     428    1134
     329     423    1135
     333     426    1135
     335     429    1137
     340     427    1136
     344     427    1136
     349     426    1137
     348     423    1133
     354     424    1136
     351     418    1138
     344     420    1135
     350     423    1137
     351     425    1130
     353     428    1128
     357     431    1122
     355     427    1122
     355     423    1121
     349     428    1121
     346     427    1121
     352     426    1117
     348     423    1116
     346     421    1119
     346     424    1114
     344     417    1112
     350     420    1110
     344     420    1110
     339     424    1113
     334     428    1116
     334     435    1117
     331     434    1114
     328     430    1113
     327     427    1113
     325     421    1113
     321     418    1115
     323     424    1115
     320     423    1117
     318     426    1120
     325     427    1123
     326     432    1125
     329     428    1127
     331     427    1131
     328     424    1126
     332     419    1123
     335     421    1120
     336     420    1124
     341     423    1124
     342     430    1123
     345     436    1120
     344     438    1121
     344     434    1123
     342     438    1125
     340     441    1129
     337     435    1133
     334     435    1132
     335     433    1127
     340     434    1125
     340     436    1127
     341     433    1131
     345     436    1133
     342     435    1134
     341     438    1132
     336     441    1128
     330     441    1126
     328     445    1122
     330     442    1121
     327     441    1119
     325     439    1121
     321     443    1120
     322     439    1124
     319     437    1124
     319     432    1125
     319     434    1119
     324     433    1116
     321     432    1117
     319     430    1113
     318     432    1113
     313     438    1112
     312     431    1115
     317     435    1115
     324     434    1113
     328     433    1112
     329     434    1106
     334     433    1103
     338     432    1104
     338     430    1105
     335     427    1103
     331     421    1105
     331     418    1106
     332     422    1101
     328     423    1100
     325     426    1100
     324     425    1102
     322     428    1102
     320     426    1102
     323     420    1099
     320     421    1101
     313     424    1103
     316     421    1102
     317     428    1102
     320     433    1101
     317     435    1101
     323     435    1102
     322     438    1103
     319     442    1103
     323     444    1106
     321     443    1107
     326     439    1107
     328     443    1107
     331     445    1109
     333     443    1110
     339     441    1110
     338     437    1109
     339     435    1107
     341     435    1106
     346     431    1102
     340     429    1102
     344     426    1096
     343     423    1094
     340     424    1087
     335     427    1082
     333     431    1080
     340     431    1078
     340     436    1079
     340     442    1081
     340     439    1078
     336     437    1076
     335     444    1077
     331     440    1072
     328     441    1077
     329     441    1084
     330     440    1087
     335     439    1089
     342     441    1087
     339     438    1088
     336     435    1089
     335     431    1088
     332     433    1088
     335     429    1091
     333     424    1089
     330     417    1090
     328     420    1091
     322     416    1091
     326     420    1093
     324     423    1092
     321     423    1091
     316     426    1089
     321     430    1085
     321     422    1085
     321     428    1089
     321     427    1087
     320     427    1083
     316     426    1085
     315     429    1091
     321     432    1090
     321     435    1091
     319     434    1084
     326     433    1085
     332     435    1086
     334     432    1091
     339     429    1090
     342     432    1086
     343     436    1085
     344     436    1089
     340     439    1086
     336     438    1085
     339     435    1091
     341     438    1092
     342     440    1094
     338     442    1095
     334     443    1098
     336     445    1097
     338     450    1100
     337     456    1098
     336     458    1101
     336     463    1097
     337     465    1093
     335     462    1092
     334     460    1093
     335     456    1089
     337     453    1091
     334     449    1094
     332     450    1096
     329     451    1096
     333     454    1102
     328     456    1103
     322     459    1099
     327     456    1104
     331     462    1101
     330     462    1099
     329     464    1094
     327     462    1092
     329     458    1089
     329     453    1091
     328     446    1090
     329     443    1094
     331     443    1096
     327     446    1093
     327     448    1093
     329     448    1095
     330     450    1092
     335     451    1089
     333     452    1089
     338     453    1093
     336     456    1095
     331     457    1095
     328     458    1096
     324     464    1097
     321     463    1094
     324     466    1090
     322     472    1089
     325     471    1091
     327     472    1089
     329     470    1089
     331     470    1087
     336     471    1087
     338     465    1084
     334     469    1089
     331     466    1086
     328     462    1083
     327     458    1082
     325     454    1080
     324     453    1078
     323     453    1076
     321     456    1079
     321     458    1082
     323     457    1086
     330     455    1083
     329     457    1085
     331     456    1086
     329     453    1088
     327     450    1086
     324     449    1087
     327     446    1086
     320     448    1089
     316     447    1092
     313     448    1090
     314     444    1091
     311     444    1087
     315     441    1087
     316     439    1083
     312     439    1083
     312     441    1079
     312     448    1078
     312     447    1074
     315     449    1070
     316     452    1072
     318     452    1074
     320     458    1075
     319     461    1077
     321     466    1080
     322     469    1078
     322     469    1076
     325     462    1077
     322     462    1078
     324     462    1078
     323     466    1074
     320     466    1072
     318     464    1071
     317     461    1070
     313     459    1072
     314     458    1069
     321     455    1068
     324     453    1070
     324     450    1076
     324     446    1080
     325     445    1081
     324     446    1077
     321     445    1072
     324     445    1073
     320     444    1075
     317     448    1077
     319     449    1080
     319     449    1083
     317     451    1085
     316     454    1088
     316     458    1089
     312     457    1090
     309     460    1096
     306     460    1096
     306     461    1090
     307     464    1090
     312     466    1089
     316     468    1088
     317     471    1086
     316     473    1087
     319     474    1088
     316     473    1082
     313     467    1082
     312     470    1080
     309     466    1075
     311     461    1077
     311     464    1076
     310     466    1072
     307     462    1078
     307     466    1081
     308     471    1083
     309     468    1086
     312     472    1086
     315     472    1091
     318     467    1090
     318     464    1088
     317     466    1083
     316     469    1078
