    1642      47    1113
    1646      46    1119
    1650      41    1123
    1650      36    1128
    1647      35    1135
    1649      33    1142
    1652      31    1149
    1653      38    1147
    1648      41    1149
    1644      44    1154
    1645      48    1160
    1648      44    1160
    1651      46    1162
    1654      44    1164
    1659      45    1165
    1660      51    1169
    1665      46    1169
    1662      49    1172
    1656      46    1176
    1656      44    1175
    1657      41    1175
    1658      37    1172
    1660      36    1172
    1656      34    1172
    1655      31    1175
    1656      33    1176
    1651      35    1174
    1646      31    1172
    1644      29    1172
    1638      31    1172
    1634      34    1176
    1633      37    1171
    1633      43    1170
    1635      41    1167
    1636      39    1164
    1638      44    1162
    1640      45    1158
    1643      49    1155
    1645      52    1158
    1644      52    1152
    1638      51    1152
    1638      51    1160
    1642      53    1157
    1649      51    1156
    1652      49    1155
    1656      45    1150
    1657      42    1153
    1661      45    1154
    1657      45    1159
    1656      42    1161
    1658      40    1158
    1662      39    1158
    1659      35    1157
    1664      38    1161
    1669      34    1157
    1663      31    1156
    1667      33    1161
    1660      31    1162
    1658      26    1163
    1657      29    1167
    1659      28    1174
    1657      26    1179
    1657      22    1184
    1656      16    1183
    1657      17    1188
    1652      20    1186
    1646      24    1187
    1641      29    1184
    1641      35    1179
    1641      33    1176
    1642      36    1173
    1638      39    1171
    1642      41    1176
    1643      44    1177
    1644      46    1175
    1645      49    1173
    1648      49    1168
    1650      46    1167
    1652      45    1169
    1653      42    1167
    1652      40    1165
    1650      39    1164
    1645      34    1163
    1641      33    1161
    1642      34    1166
    1645      36    1168
    1649      37    1164
    1648      36    1162
    1645      38    1160
    1644      38    1156
    1643      38    1158
    1646      35    1159
    1647      29    1163
    1649      26    1167
    1651      24    1166
    1654      24    1169
    1654      26    1173
    1650      25    1174
    1648      21    1174
    1646      23    1174
    1644      22    1177
    1642      27    1176
    1645      31    1182
    1648      31    1180
    1648      26    1182
    1649      29    1188
    1647      30    1186
    1641      29    1191
    1644      27    1190
    1650      27    1185
    1653      30    1182
    1654      30    1181
    1657      34    1184
    1652      40    1185
    1654      42    1183
    1657      42    1183
    1655      40    1189
    1654      34    1194
    1654      39    1190
    1654      36    1196
    1658      39    1195
    1664      37    1193
    1662      33    1192
    1668      36    1189
    1664      34    1192
    1663      35    1199
    1659      34    1198
    1660      27    1196
    1667      29    1198
    1669      30    1193
    1665      33    1187
    1669      32    1187
    1664      33    1186
    1668      28    1184
    1669      30    1181
    1669      27    1179
    1668      22    1183
    1663      23    1182
    1663      24    1179
    1665      29    1175
    1664      32    1174
    1663      38    1173
    1660      39    1176
    1659      41    1179
    1660      42    1179
    1667      43    1179
    1668      45    1183
    1669      52    1186
    1669      50    1185
    1668      57    1188
    1663      59    1192
    1659      63    1193
    1658      66    1187
    1652      65    1189
    1647      63    1190
    1651      66    1191
    1653      66    1193
    1647      62    1196
    1652      63    1202
    1649      58    1201
    1649      53    1197
    1647      54    1195
    1648      53    1190
    1646      58    1186
    1650      57    1187
    1654      54    1189
    1658      54    1189
    1657      54    1192
    1660      51    1189
    1665      52    1194
    1669      46    1196
    1667      44    1196
    1669      41    1200
    1664      43    1197
    1661      41    1201
    1663      42    1202
    1661      40    1209
    1654      42    1209
    1655      39    1207
    1659      45    1205
    1658      47    1203
    1662      48    1208
    1658      48    1209
    1656      44    1206
    1658      50    1204
    1656      49    1203
    1658      56    1206
    1658      56    1198
    1657      56    1192
    1658      53    1185
    1657      56    1182
    1657      59    1184
    1652      60    1183
    1652      57    1181
    1650      60    1186
    1651      58    1190
    1653      54    1184
    1650      54    1184
    1645      53    1185
    1646      50    1189
    1643      47    1189
    1643      44    1190
    1641      41    1189
    1635      46    1189
    1634      45    1189
    1630      48    1189
    1628      51    1189
    1630      47    1194
    1631      42    1199
    1634      42    1201
    1638      38    1198
    1641      42    1196
    1641      44    1194
    1639      46    1194
    1637      43    1187
    1633      40    1187
    1630      47    1187
    1631      45    1185
    1628      41    1190
    1626      43    1193
    1626      46    1195
    1628      47    1199
    1633      46    1200
    1638      46    1200
    1645      43    1201
    1648      46    1196
    1647      47    1194
    1646      46    1198
    1643      43    1201
    1644      42    1197
    1641      45    1198
    1640      41    1200
    1639      43    1201
    1638      40    1194
    1635      40    1194
    1633      42    1197
    1630      42    1196
    1623      42    1199
    1622      47    1200
    1623      54    1200
    1618      53    1202
    1619      51    1199
    1621      55    1198
    1623      53    1196
    1624      56    1196
    1625      57    1189
    1631      58    1191
    1625      57    1192
    1628      55    1197
    1630      55    1200
    1633      53    1204
    1637      54    1207
    1639      53    1209
    1637      56    1211
    1635      57    1210
    1633      57    1207
    1634      55    1202
    1636      52    1201
    1634      48    1203
    1635      49    1200
    1638      48    1201
    1641      50    1202
    1641      54    1201
    1644      52    1201
    1642      57    1199
    1639      64    1199
    1638      67    1202
    1642      68    1201
    1643      69    1206
    1649      65    1204
    1652      64    1204
    1654      66    1206
    1649      66    1212
    1642      63    1214
    1643      60    1220
    1642      56    1221
    1639      56    1218
    1640      54    1216
    1634      54    1215
    1631      52    1213
    1626      51    1210
    1625      47    1210
    1626      45    1212
    1630      51    1210
    1631      49    1211
    1630      45    1212
    1625      43    1215
    1627      46    1217
    1629      48    1218
    1633      49    1219
    1632      54    1221
    1634      52    1223
    1639      48    1219
    1641      48    1216
    1641      51    1212
    1645      54    1207
    1646      53    1206
    1645      50    1211
    1647      55    1214
    1647      55    1212
    1647      58    1212
    1643      59    1213
    1642      58    1210
    1641      59    1207
    1639      62    1207
    1635      64    1204
    1631      64    1207
    1629      65    1204
    1623      69    1202
    1625      71    1208
    1623      67    1207
    1623      63    1208
    1621      58    1208
    1620      51    1207
    1619      55    1207
    1616      55    1207
    1615      56    1205
    1617      52    1211
    1622      56    1213
    1620      55    1216
    1626      58    1220
    1628      55    1219
    1624      55    1220
    1624      54    1222
    1626      61    1219
    1622      61    1216
    1617      59    1215
    1619      60    1212
    1615      55    1212
    1614      51    1208
    1617      48    1205
    1622      49    1208
    1623      51    1211
    1621      49    1215
