       9     923    1166
      15     926    1168
      21     927    1172
      27     931    1175
      34     933    1178
      33     938    1184
      32     938    1191
      31     944    1189
      26     938    1189
      20     940    1190
      17     942    1191
      19     942    1196
      22     944    1198
      24     941    1201
      28     940    1203
      32     936    1204
      35     938    1211
      35     934    1210
      29     930    1210
      26     932    1210
      24     935    1212
      24     938    1212
      25     940    1214
      21     940    1214
      18     941    1216
      19     937    1216
      17     935    1212
      12     935    1211
      11     934    1210
      11     930    1208
       7     924    1209
       6     927    1204
       1     926    1203
       5     928    1198
       8     931    1196
       9     937    1192
      12     941    1191
      13     942    1187
      14     946    1189
      17     945    1183
      10     947    1183
      10     946    1190
      16     949    1188
      19     947    1191
      22     946    1191
      25     952    1192
      27     949    1196
      25     953    1198
      20     950    1200
      21     947    1202
      28     947    1200
      29     949    1203
      25     951    1204
      30     947    1206
      35     953    1207
      28     956    1209
      32     952    1212
      26     949    1212
      20     952    1213
      19     947    1213
      21     947    1219
      17     945    1222
      19     948    1226
      17     951    1230
      14     950    1233
      12     947    1226
       6     942    1227
       3     938    1221
       4     935    1214
      10     932    1210
       7     932    1206
       4     933    1202
       0     933    1207
       0     938    1203
       6     943    1203
       7     950    1201
      14     947    1201
      18     942    1202
      24     937    1203
      25     936    1204
      21     939    1203
      19     938    1201
      18     931    1199
      14     931    1199
      13     932    1202
      14     935    1204
      19     937    1202
      20     934    1200
      16     937    1197
      18     934    1193
      16     934    1194
      13     936    1197
      12     941    1203
      11     943    1209
      12     950    1212
      14     947    1212
      14     947    1215
      10     946    1214
       5     946    1214
       6     941    1213
       2     936    1215
       2     943    1215
       5     936    1217
      11     937    1218
       7     939    1220
       9     937    1224
      10     940    1226
      11     936    1223
       5     939    1227
       9     942    1224
      14     942    1221
      16     939    1221
      17     933    1223
      20     927    1220
      22     927    1216
      21     927    1217
      16     925    1218
       9     924    1219
       6     923    1216
      13     922    1219
      10     921    1222
      10     924    1226
       7     925    1226
      12     927    1231
       6     924    1228
       6     919    1227
       3     921    1224
       2     927    1229
       4     924    1234
      10     928    1233
      13     931    1233
      15     931    1234
      16     930    1229
      17     934    1233
      18     938    1236
      20     938    1233
      22     940    1233
      22     945    1229
      26     939    1227
      25     943    1224
      27     942    1219
      28     939    1216
      26     936    1217
      23     932    1215
      25     931    1217
      30     933    1222
      28     933    1226
      30     929    1227
      28     929    1233
      29     926    1231
      26     923    1230
      30     922    1224
      36     921    1225
      33     920    1221
      32     918    1219
      31     920    1218
      33     922    1218
      30     918    1213
      26     917    1210
      22     911    1213
      24     912    1217
      24     911    1217
      26     910    1221
      25     913    1222
      29     912    1226
      24     914    1226
      24     915    1230
      22     917    1226
      23     921    1228
      19     919    1230
      14     917    1235
      12     914    1232
       8     911    1232
      11     915    1229
      10     914    1225
       7     913    1224
       7     908    1220
      13     903    1220
      14     905    1227
      13     908    1224
      13     910    1221
      12     906    1220
       9     906    1218
       8     911    1217
      12     910    1217
      12     911    1214
      14     913    1213
      20     914    1218
      25     916    1223
      24     918    1230
      28     913    1233
      31     917    1230
      33     913    1228
      33     918    1223
      34     915    1226
      29     914    1222
      27     911    1229
      30     909    1228
      27     906    1228
      31     906    1224
      28     904    1221
      34     902    1222
      40     904    1222
      42     909    1217
      44     912    1214
      48     906    1211
      48     907    1208
      44     904    1207
      42     906    1208
      39     902    1209
      38     907    1215
      34     905    1216
      36     904    1216
      35     908    1214
      41     911    1218
      43     917    1214
      40     919    1207
      40     919    1210
      46     914    1211
      45     913    1209
      44     911    1205
      41     910    1203
      38     903    1205
      34     907    1210
      28     904    1214
      27     901    1218
      29     901    1220
      28     900    1214
      30     900    1213
      33     901    1216
      33     904    1213
      34     906    1213
      35     901    1211
      40     903    1215
      42     905    1214
      40     908    1212
      40     912    1210
      42     916    1204
      40     917    1201
      42     913    1198
      45     914    1193
      46     913    1196
      47     909    1196
      47     908    1198
      47     905    1198
      49     900    1199
      50     901    1205
      51     907    1201
      44     904    1200
      38     904    1199
      33     903    1200
      29     904    1201
      27     903    1200
      25     903    1198
      28     907    1197
      30     909    1198
      33     909    1202
      33     907    1204
      35     904    1204
      36     903    1206
      33     905    1208
      29     905    1208
      28     908    1208
      27     908    1210
      27     913    1208
      27     918    1206
      25     920    1203
      22     920    1206
      19     919    1201
      16     917    1208
      19     918    1209
      16     919    1205
      13     914    1202
      18     912    1197
      15     908    1194
      17     903    1193
      20     904    1193
      22     903    1196
      27     904    1193
      31     905    1192
      37     906    1191
      39     905    1189
      38     904    1188
      34     903    1194
      33     905    1194
      35     902    1194
      35     901    1190
      33     902    1186
      31     901    1187
      27     902    1187
      24     906    1187
      23     903    1186
      22     898    1192
      23     897    1196
      24     901    1201
      21     905    1206
      22     904    1208
      22     900    1204
      17     903    1202
      18     904    1203
      18     907    1202
      19     907    1199
      22     908    1201
      24     910    1202
      24     913    1200
      29     915    1200
      32     917    1198
      30     919    1196
      33     926    1196
      31     927    1193
      29     923    1191
      31     923    1189
      36     919    1191
      39     916    1191
      42     912    1188
      43     915    1188
      45     916    1190
      41     912    1185
      35     913    1187
      35     912    1183
      31     910    1181
      27     911    1187
      29     911    1184
      27     909    1180
      26     915    1184
      30     916    1184
      35     918    1182
      36     919    1185
      40     918    1185
      43     919    1191
      40     916    1194
      37     915    1195
      36     912    1191
      35     909    1186
