    1346     208     312
    1353     210     309
    1359     210     304
    1364     206     300
    1371     208     299
    1377     205     295
    1382     202     293
    1385     209     293
    1385     210     298
    1390     211     304
    1396     211     307
    1396     207     303
    1400     208     302
    1400     204     300
    1405     204     296
    1411     205     297
    1411     201     293
    1414     200     296
    1411     197     298
    1409     196     302
    1407     194     302
    1403     193     298
    1404     192     296
    1401     190     299
    1402     186     303
    1401     187     299
    1401     189     305
    1394     189     305
    1393     187     307
    1387     189     305
    1385     189     303
    1382     191     310
    1381     192     314
    1380     197     309
    1383     200     310
    1388     206     311
    1391     211     308
    1395     214     309
    1397     215     307
    1394     219     306
    1388     219     309
    1387     214     306
    1392     218     302
    1397     215     300
    1395     213     299
    1392     212     293
    1392     207     292
    1397     210     291
    1400     208     297
    1398     204     296
    1397     204     294
    1399     204     290
    1394     201     290
    1398     201     289
    1395     201     282
    1391     198     286
    1396     198     284
    1396     193     288
    1392     192     293
    1396     191     294
    1397     187     294
    1395     184     292
    1394     182     289
    1392     182     284
    1387     181     286
    1389     182     293
    1387     180     295
    1386     178     301
    1388     185     302
    1389     188     303
    1388     190     309
    1384     194     312
    1390     191     316
    1397     193     319
    1403     197     316
    1405     201     314
    1404     206     308
    1403     203     306
    1405     201     304
    1402     200     302
    1398     201     300
    1397     201     303
    1393     199     308
    1387     199     303
    1388     196     304
    1393     196     306
    1396     199     303
    1393     199     302
    1390     202     304
    1388     205     304
    1390     204     308
    1393     203     310
    1394     196     309
    1395     190     311
    1400     188     310
    1399     188     307
    1400     185     306
    1397     183     309
    1396     178     312
    1395     181     312
    1393     179     312
    1389     179     309
    1393     177     305
    1396     180     301
    1392     179     302
    1394     178     297
    1393     176     298
    1390     172     293
    1392     170     300
    1395     175     301
    1400     181     301
    1400     181     299
    1405     180     300
    1412     183     298
    1413     189     303
    1413     191     305
    1413     188     309
    1410     184     313
    1411     188     315
    1415     187     310
    1416     181     312
    1412     177     309
    1408     176     311
    1409     175     305
    1411     174     309
    1416     177     311
    1414     181     311
    1408     176     312
    1411     169     313
    1407     169     307
    1407     171     304
    1405     169     301
    1407     174     300
    1405     170     298
    1403     170     292
    1403     173     291
    1401     173     289
    1399     179     288
    1403     181     288
    1403     183     290
    1403     189     293
    1406     192     294
    1407     190     297
    1410     190     302
    1410     189     298
    1412     186     297
    1412     179     295
    1415     173     292
    1415     170     294
    1418     163     294
    1423     164     291
    1425     165     287
    1430     163     286
    1432     166     285
    1430     171     281
    1433     169     281
    1428     166     281
    1428     170     278
    1430     166     273
    1428     172     276
    1424     176     281
    1424     177     282
    1428     180     286
    1433     176     285
    1431     176     289
    1428     175     290
    1428     171     294
    1423     172     290
    1421     170     294
    1420     166     299
    1422     168     306
    1420     171     305
    1425     174     308
    1421     175     309
    1421     178     306
    1421     179     305
    1425     185     305
    1426     187     299
    1428     182     304
    1424     180     302
    1423     181     300
    1424     184     300
    1425     183     299
    1418     181     298
    1422     185     296
    1417     182     294
    1417     175     291
    1420     173     291
    1426     171     292
    1428     171     296
    1432     171     296
    1431     168     292
    1435     173     288
    1428     174     286
    1433     172     288
    1427     175     286
    1430     175     293
    1433     178     291
    1432     182     289
    1429     184     287
    1422     186     288
    1425     189     287
    1422     194     287
    1415     193     284
    1412     195     284
    1412     199     278
    1411     200     275
    1413     197     274
    1416     196     275
    1420     195     274
    1421     195     278
    1422     190     282
    1420     188     282
    1418     187     281
    1414     189     286
    1410     188     284
    1405     187     279
    1406     191     282
    1409     196     281
    1408     195     279
    1408     194     275
    1412     193     270
    1419     192     270
    1421     190     274
    1428     190     277
    1430     186     279
    1429     187     282
    1427     185     277
    1425     188     277
    1425     189     280
    1420     186     280
    1422     191     277
    1420     190     277
    1420     194     283
    1417     195     280
    1415     191     280
    1411     190     280
    1404     190     277
    1403     185     275
    1405     188     271
    1401     190     268
    1401     193     268
    1405     194     266
    1405     195     268
    1408     196     266
    1407     202     267
    1414     199     266
    1409     198     268
    1411     194     267
    1413     189     267
    1416     185     267
    1417     181     268
    1419     179     267
    1419     178     265
    1414     179     266
    1412     180     268
    1413     184     271
    1416     185     271
    1417     188     270
    1417     188     273
    1418     185     275
    1420     182     275
    1418     180     276
    1420     180     278
    1416     178     279
    1411     176     281
    1410     175     280
    1410     171     281
    1411     170     280
    1414     168     282
    1416     167     281
    1414     165     282
    1416     165     276
    1414     168     270
    1417     166     266
    1419     168     261
    1418     171     262
    1418     173     264
    1415     178     261
    1412     180     261
    1408     185     260
    1407     187     258
    1409     187     256
    1413     184     261
    1412     182     262
    1414     185     261
    1412     185     256
    1411     181     255
    1412     179     254
    1414     176     255
    1412     172     257
    1415     172     255
    1421     175     257
    1423     176     260
    1422     177     266
    1423     176     272
    1425     178     272
    1425     177     268
    1423     170     267
    1425     172     268
    1421     169     270
    1418     171     269
    1418     174     271
    1416     174     273
    1413     175     273
    1409     177     274
    1406     178     272
    1404     175     272
    1397     174     275
    1397     170     273
    1399     172     270
    1396     174     267
    1399     180     267
    1399     184     265
    1399     187     262
    1396     186     263
    1397     189     264
    1400     185     259
    1402     180     260
    1400     181     256
    1403     175     255
    1407     173     259
    1405     175     257
    1405     174     252
    1403     171     259
    1400     174     260
    1395     178     258
    1396     178     262
    1395     182     262
    1396     185     267
    1401     185     268
    1403     183     268
    1404     182     264
    1404     182     257
