    1640     542     802
    1634     544     801
    1627     542     800
    1620     545     801
    1614     540     802
    1610     537     808
    1610     531     812
    1610     537     816
    1613     534     816
    1619     533     821
    1620     534     823
    1618     532     825
    1615     535     829
    1611     530     831
    1607     529     827
    1603     528     822
    1603     523     822
    1599     521     826
    1605     518     829
    1605     520     826
    1607     517     826
    1610     520     821
    1611     520     819
    1614     518     820
    1616     516     818
    1613     514     821
    1614     515     826
    1619     515     829
    1621     514     832
    1617     515     837
    1617     513     841
    1619     518     845
    1619     520     847
    1621     525     843
    1625     525     839
    1626     531     834
    1626     534     827
    1624     539     825
    1622     540     824
    1626     538     820
    1628     541     820
    1624     535     817
    1622     542     819
    1618     539     824
    1615     538     822
    1609     540     822
    1611     541     828
    1613     542     832
    1609     537     828
    1612     534     833
    1609     536     833
    1616     537     836
    1618     538     836
    1616     534     837
    1623     537     839
    1629     536     836
    1628     530     831
    1629     524     826
    1627     523     819
    1620     522     817
    1617     516     814
    1617     511     815
    1615     507     811
    1616     504     807
    1620     506     805
    1621     507     812
    1626     505     817
    1628     508     824
    1624     511     830
    1621     514     836
    1619     518     837
    1617     522     841
    1614     516     840
    1607     518     843
    1607     520     840
    1606     524     838
    1607     530     833
    1611     529     827
    1610     525     830
    1610     526     826
    1614     527     830
    1615     527     827
    1621     524     831
    1623     525     836
    1620     522     834
    1617     522     833
    1616     525     831
    1617     525     829
    1622     528     829
    1625     529     830
    1624     527     829
    1625     527     827
    1626     523     826
    1626     519     824
    1627     519     820
    1623     520     817
    1621     517     818
    1620     515     822
    1626     513     826
    1624     511     829
    1620     508     831
    1626     513     830
    1622     508     828
    1623     509     823
    1622     507     822
    1621     503     820
    1627     504     818
    1634     506     821
    1631     506     817
    1625     508     816
    1620     510     818
    1617     509     819
    1611     506     823
    1614     505     829
    1609     511     830
    1604     511     831
    1607     507     835
    1605     506     839
    1604     508     842
    1610     504     841
    1608     501     839
    1603     500     833
    1603     502     834
    1601     503     829
    1606     498     832
    1603     497     838
    1601     499     840
    1599     502     833
    1596     496     832
    1599     497     826
    1605     499     825
    1600     501     822
    1607     502     824
    1601     504     820
    1600     507     817
    1602     507     815
    1605     503     811
    1610     509     810
    1609     508     813
    1606     512     814
    1608     515     815
    1607     518     817
    1608     515     822
    1608     514     826
    1610     509     825
    1611     502     823
    1611     496     818
    1614     493     817
    1611     492     819
    1614     486     819
    1619     484     819
    1624     481     824
    1630     483     824
    1628     486     821
    1630     488     824
    1628     491     820
    1630     491     819
    1634     494     823
    1639     493     821
    1636     495     827
    1631     497     830
    1629     496     830
    1624     496     830
    1622     494     826
    1623     492     827
    1620     490     828
    1618     486     828
    1617     485     830
    1615     489     826
    1610     486     827
    1606     486     832
    1607     491     833
    1604     488     839
    1607     492     836
    1609     493     840
    1609     492     841
    1610     492     848
    1615     493     848
    1608     490     846
    1613     491     844
    1614     488     842
    1614     484     845
    1614     486     847
    1616     489     842
    1618     488     843
    1621     488     845
    1623     482     842
    1622     482     837
    1625     484     833
    1619     483     832
    1620     481     830
    1622     483     825
    1627     486     828
    1626     493     825
    1626     488     829
    1625     489     829
    1621     488     832
    1619     491     830
    1619     496     830
    1621     496     834
    1621     498     839
    1622     500     844
    1621     503     845
    1627     506     849
    1626     510     848
    1632     514     845
    1634     515     843
    1634     511     842
    1633     509     842
    1633     507     840
    1629     506     839
    1627     502     841
    1628     500     845
    1630     499     848
    1626     503     851
    1631     502     854
    1637     507     854
    1630     510     852
    1633     511     852
    1635     511     850
    1638     511     847
    1640     508     845
    1637     504     839
    1633     503     838
    1630     501     834
    1628     495     838
    1623     499     837
    1628     495     840
    1629     496     842
    1627     498     841
    1630     498     843
    1630     504     838
    1631     502     842
    1626     505     843
    1629     507     845
    1632     505     847
    1635     506     849
    1641     510     851
    1643     508     850
    1645     510     844
    1649     514     847
    1647     515     843
    1646     512     838
    1644     515     841
    1643     514     839
    1640     518     836
    1639     512     833
    1640     516     839
    1642     509     838
    1643     505     838
    1642     501     838
    1642     496     840
    1643     495     837
    1645     492     839
    1646     493     842
    1644     495     845
    1641     497     847
    1639     498     844
    1639     501     842
    1637     502     841
    1635     501     839
    1635     497     839
    1635     494     840
    1633     493     838
    1633     492     842
    1634     487     848
    1635     486     849
    1633     484     847
    1636     482     845
    1629     482     842
    1632     481     838
    1633     478     842
    1637     480     837
    1644     483     839
    1649     484     833
    1652     488     832
    1650     492     832
    1648     491     835
    1650     496     837
    1650     499     839
    1650     503     843
    1651     501     848
    1655     499     848
    1650     494     847
    1649     498     843
    1650     496     845
    1654     495     846
    1657     496     843
    1657     496     841
    1656     494     838
    1655     498     833
    1656     495     833
    1650     497     830
    1648     496     831
    1643     495     833
    1638     491     834
    1637     492     833
    1640     493     832
    1644     488     830
    1642     490     829
    1641     487     831
    1644     488     836
    1641     489     837
    1640     489     840
    1640     488     843
    1640     490     849
    1643     493     852
    1643     495     855
    1647     500     859
    1648     497     860
    1652     497     859
    1654     501     855
    1653     506     852
    1652     508     845
    1653     510     847
    1654     513     845
    1653     514     843
    1657     509     847
    1656     506     843
    1657     508     841
    1659     505     836
    1656     502     836
    1660     500     841
    1662     501     837
    1657     506     834
    1661     509     839
    1662     507     846
    1660     510     845
    1659     511     849
    1654     513     849
    1650     511     851
    1649     505     849
    1653     505     844
    1655     504     842
