    1354    1022    1145
    1349    1017    1148
    1344    1013    1146
    1340    1007    1145
    1335    1003    1148
    1332    1005    1154
    1329    1008    1159
    1335    1013    1158
    1332    1015    1159
    1329    1022    1161
    1331    1027    1166
    1331    1022    1168
    1334    1022    1170
    1333    1020    1173
    1338    1019    1176
    1343    1023    1180
    1343    1018    1182
    1342    1024    1185
    1336    1022    1187
    1337    1019    1184
    1334    1022    1186
    1331    1018    1183
    1330    1020    1185
    1327    1017    1185
    1325    1020    1188
    1325    1018    1187
    1324    1015    1184
    1318    1016    1179
    1315    1014    1178
    1313    1019    1176
    1311    1025    1179
    1312    1026    1172
    1315    1032    1171
    1317    1028    1170
    1318    1025    1167
    1323    1028    1166
    1327    1027    1163
    1331    1027    1161
    1335    1028    1164
    1335    1027    1158
    1330    1029    1155
    1328    1032    1162
    1334    1031    1162
    1338    1025    1164
    1338    1022    1165
    1340    1015    1163
    1337    1012    1166
    1342    1012    1169
    1339    1017    1171
    1336    1017    1172
    1336    1013    1171
    1337    1010    1173
    1334    1008    1171
    1337    1008    1175
    1339    1001    1176
    1333    1002    1173
    1334    1002    1176
    1329    1006    1179
    1326    1005    1177
    1327    1011    1182
    1324    1016    1187
    1322    1022    1190
    1319    1027    1195
    1317    1034    1197
    1320    1035    1192
    1317    1030    1190
    1313    1029    1190
    1311    1025    1184
    1316    1025    1182
    1315    1020    1179
    1317    1022    1176
    1317    1027    1175
    1319    1027    1178
    1323    1029    1181
    1325    1032    1181
    1328    1031    1179
    1332    1029    1175
    1332    1025    1175
    1333    1024    1177
    1332    1020    1177
    1330    1019    1174
    1328    1019    1173
    1323    1015    1170
    1319    1017    1167
    1319    1019    1171
    1322    1019    1174
    1326    1017    1172
    1325    1016    1171
    1325    1019    1167
    1325    1018    1163
    1324    1020    1164
    1324    1016    1167
    1321    1011    1171
    1320    1009    1177
    1320    1005    1178
    1324    1009    1182
    1322    1011    1186
    1320    1013    1184
    1315    1007    1184
    1314    1010    1182
    1313    1009    1185
    1312    1015    1180
    1312    1014    1186
    1316    1015    1188
    1315    1019    1188
    1314    1021    1192
    1313    1024    1192
    1306    1023    1190
    1306    1020    1188
    1312    1018    1190
    1318    1018    1192
    1320    1018    1192
    1322    1015    1195
    1328    1015    1198
    1335    1017    1195
    1339    1014    1192
    1338    1009    1189
    1336    1005    1187
    1337    1007    1187
    1333    1004    1193
    1331    1001    1189
    1329    1004    1195
    1329    1005    1194
    1332    1002    1197
    1326    1004    1193
    1330     998    1190
    1330    1001    1189
    1332    1004    1193
    1336    1001    1198
    1331    1007    1199
    1326    1010    1199
    1327    1012    1201
    1324    1011    1199
    1327    1016    1201
    1328    1021    1204
    1329    1022    1202
    1323    1024    1203
    1325    1028    1197
    1323    1026    1201
    1328    1026    1195
    1330    1022    1193
    1332    1024    1189
    1332    1018    1189
    1335    1016    1189
    1335    1016    1193
    1340    1015    1199
    1338    1012    1204
    1337    1006    1209
    1339    1003    1206
    1336     998    1211
    1331     994    1213
    1324     993    1213
    1328     994    1218
    1324     996    1220
    1320    1001    1221
    1321     998    1222
    1320     995    1220
    1314     997    1219
    1311     993    1224
    1311     997    1219
    1313    1001    1213
    1313    1003    1214
    1319    1006    1213
    1322    1007    1219
    1322    1004    1216
    1322    1003    1212
    1327    1002    1211
    1323    1000    1209
    1328    1001    1207
    1331     994    1206
    1332     993    1200
    1328     992    1198
    1327     991    1194
    1328     993    1190
    1324     996    1193
    1323     997    1192
    1316     998    1192
    1313    1000    1194
    1317     995    1190
    1319     994    1196
    1319     996    1198
    1315     998    1195
    1315     994    1194
    1316    1001    1196
    1317    1001    1200
    1315    1001    1200
    1317     994    1203
    1320     995    1207
    1323     998    1210
    1325    1002    1208
    1330    1006    1212
    1330    1002    1217
    1326    1005    1219
    1325    1004    1212
    1323    1003    1217
    1319    1002    1213
    1325    1007    1212
    1323    1009    1213
    1323    1012    1214
    1318    1011    1213
    1317    1013    1208
    1315    1012    1207
    1314    1019    1209
    1310    1016    1203
    1309    1018    1201
    1302    1021    1202
    1298    1022    1204
    1299    1019    1205
    1301    1018    1206
    1302    1017    1211
    1306    1018    1211
    1310    1013    1210
    1310    1012    1208
    1308    1009    1205
    1312    1013    1202
    1310    1011    1199
    1305    1008    1195
    1306    1011    1196
    1304    1018    1199
    1302    1016    1198
    1298    1015    1200
    1295    1014    1205
    1298    1014    1212
    1302    1013    1212
    1307    1012    1217
    1312    1011    1219
    1313    1014    1217
    1308    1009    1218
    1307    1011    1215
    1309    1014    1214
    1308    1010    1210
    1306    1016    1214
    1305    1012    1210
    1309    1017    1208
    1306    1018    1206
    1305    1014    1205
    1304    1012    1201
    1300    1012    1195
    1299    1007    1196
    1295    1010    1199
    1290    1010    1195
    1291    1014    1196
    1288    1015    1199
    1291    1016    1200
    1290    1016    1203
    1289    1023    1203
    1293    1020    1209
    1292    1019    1203
    1291    1015    1207
    1293    1010    1208
    1295    1007    1211
    1297    1003    1212
    1297    1001    1214
    1296     999    1215
    1295    1000    1210
    1296    1001    1207
    1299    1005    1206
    1299    1007    1209
    1298    1010    1210
    1300    1010    1209
    1303    1009    1211
    1305    1005    1212
    1306    1003    1210
    1308    1003    1211
    1307    1001    1208
    1306     996    1203
    1305     994    1202
    1306     991    1202
    1306     989    1204
    1312     991    1207
    1312     990    1209
    1312     988    1207
    1307     987    1211
    1300     989    1211
    1298     987    1215
    1292     990    1218
    1293     992    1215
    1294     995    1216
    1291     998    1211
    1289    1001    1209
    1286    1005    1205
    1284    1006    1204
    1283    1006    1206
    1289    1004    1210
    1291    1003    1208
    1290    1004    1208
    1284    1004    1209
    1283    1001    1209
    1283     999    1211
    1285     996    1212
    1287     992    1210
    1286     992    1213
    1288     996    1219
    1291     998    1220
    1297    1000    1218
    1304     999    1216
    1304    1001    1218
    1301     999    1219
    1299     993    1220
    1302     995    1221
    1303     992    1218
    1300     993    1214
    1301     996    1213
    1302     996    1210
    1302     996    1207
    1301     998    1203
    1299     999    1200
    1299     998    1197
    1300     997    1190
    1300     992    1190
    1295     992    1192
    1293     995    1191
    1292    1001    1193
    1288    1005    1196
    1285    1006    1196
    1286    1006    1193
    1287    1008    1194
    1283    1004    1197
    1287     999    1199
    1283     998    1198
    1282     995    1202
    1289     992    1204
    1286     994    1203
    1282     991    1204
    1289     991    1201
    1287     993    1197
    1284     996    1194
    1287     997    1193
    1287    1001    1191
    1290    1006    1191
    1293    1005    1195
    1294    1003    1198
    1290    1002    1200
    1284    1000    1202
