    1138    1157     523
    1133    1163     524
    1125    1163     524
    1118    1166     522
    1116    1169     515
    1113    1175     511
    1110    1181     514
    1108    1183     507
    1112    1184     509
    1116    1190     512
    1118    1195     511
    1114    1198     509
    1111    1197     510
    1108    1197     513
    1104    1194     514
    1101    1188     513
    1096    1190     516
    1100    1186     519
    1105    1190     523
    1103    1191     520
    1103    1194     523
    1100    1196     520
    1099    1199     520
    1099    1201     522
    1098    1203     524
    1100    1200     526
    1104    1201     525
    1108    1204     526
    1108    1204     527
    1113    1199     528
    1117    1199     533
    1118    1194     527
    1123    1195     526
    1123    1197     523
    1123    1201     521
    1123    1198     516
    1122    1196     511
    1121    1196     507
    1120    1191     511
    1121    1191     504
    1124    1186     508
    1120    1189     514
    1123    1192     508
    1116    1193     505
    1112    1191     506
    1105    1189     504
    1106    1192     503
    1105    1197     501
    1109    1200     505
    1106    1200     509
    1105    1200     505
    1100    1200     506
    1102    1203     505
    1098    1197     508
    1092    1201     505
    1096    1207     505
    1093    1203     508
    1096    1207     514
    1098    1210     512
    1098    1206     517
    1093    1206     521
    1093    1205     527
    1087    1207     527
    1084    1208     533
    1086    1213     532
    1092    1208     532
    1098    1208     536
    1105    1205     537
    1111    1202     533
    1112    1203     530
    1115    1199     527
    1120    1202     527
    1116    1199     531
    1120    1205     533
    1120    1211     528
    1117    1211     521
    1114    1205     517
    1111    1198     515
    1109    1194     517
    1107    1197     516
    1108    1200     515
    1110    1203     513
    1114    1208     516
    1117    1207     518
    1115    1205     521
    1112    1202     521
    1110    1203     516
    1112    1203     516
    1116    1203     514
    1120    1204     511
    1120    1203     513
    1116    1208     513
    1109    1210     516
    1105    1212     519
    1102    1213     517
    1100    1211     520
    1099    1212     523
    1101    1212     525
    1105    1214     526
    1107    1211     527
    1109    1212     530
    1108    1215     530
    1106    1208     533
    1101    1208     532
    1103    1207     532
    1101    1204     537
    1096    1206     537
    1102    1209     539
    1099    1214     538
    1097    1209     534
    1096    1208     530
    1095    1204     530
    1097    1197     533
    1103    1197     537
    1104    1193     531
    1107    1189     528
    1105    1191     535
    1107    1187     533
    1112    1187     536
    1107    1192     539
    1102    1186     538
    1098    1183     534
    1099    1182     532
    1094    1183     529
    1096    1186     536
    1101    1182     538
    1104    1180     536
    1100    1182     532
    1095    1176     533
    1090    1182     532
    1092    1189     533
    1088    1185     529
    1092    1191     532
    1088    1189     527
    1085    1190     525
    1085    1194     526
    1081    1197     527
    1086    1201     526
    1087    1201     529
    1089    1198     522
    1092    1197     522
    1095    1196     520
    1098    1195     524
    1101    1194     527
    1098    1195     531
    1092    1195     536
    1086    1197     538
    1085    1193     541
    1083    1192     542
    1082    1194     548
    1087    1192     552
    1092    1192     553
    1093    1193     549
    1095    1196     547
    1099    1200     548
    1097    1198     546
    1099    1196     546
    1104    1198     550
    1107    1195     553
    1105    1197     555
    1103    1200     554
    1101    1203     556
    1098    1204     552
    1093    1206     549
    1093    1204     551
    1093    1202     556
    1089    1200     557
    1091    1198     557
    1091    1195     550
    1089    1188     549
    1090    1181     546
    1093    1183     544
    1096    1178     545
    1096    1183     543
    1102    1183     544
    1101    1181     545
    1108    1180     548
    1110    1185     549
    1107    1187     549
    1102    1184     550
    1101    1184     552
    1102    1180     554
    1105    1181     553
    1105    1186     549
    1105    1187     551
    1105    1190     553
    1099    1187     557
    1095    1191     557
    1092    1197     557
    1086    1198     554
    1086    1202     558
    1086    1202     551
    1089    1204     549
    1093    1202     546
    1093    1202     549
    1096    1201     554
    1090    1204     556
    1090    1207     554
    1094    1210     550
    1098    1210     553
    1102    1210     550
    1103    1213     551
    1105    1217     551
    1109    1213     548
    1113    1210     545
    1118    1215     548
    1121    1216     550
    1120    1213     552
    1118    1214     554
    1116    1214     558
    1111    1215     556
    1108    1210     555
    1107    1212     555
    1109    1207     552
    1108    1211     546
    1111    1212     543
    1114    1205     544
    1116    1209     542
    1116    1214     544
    1118    1212     545
    1120    1209     548
    1120    1207     551
    1118    1209     558
    1113    1210     559
    1107    1206     559
    1101    1211     560
    1101    1212     558
    1105    1209     562
    1108    1211     563
    1106    1213     560
    1109    1209     558
    1110    1212     558
    1112    1208     556
    1110    1215     553
    1113    1216     553
    1114    1211     553
    1114    1207     549
    1116    1202     546
    1117    1197     551
    1120    1200     549
    1127    1200     547
    1126    1202     546
    1128    1205     548
    1127    1207     548
    1127    1208     550
    1130    1214     549
    1127    1215     555
    1128    1212     551
    1126    1208     554
    1124    1206     558
    1120    1202     561
    1118    1200     564
    1117    1199     566
    1118    1197     567
    1121    1198     566
    1123    1202     566
    1121    1205     561
    1116    1203     559
    1119    1207     560
    1117    1210     560
    1113    1208     561
    1112    1205     562
    1110    1202     561
    1107    1202     560
    1106    1203     565
    1101    1200     567
    1101    1198     566
    1100    1197     567
    1100    1194     570
    1099    1190     565
    1099    1192     563
    1099    1187     567
    1105    1186     565
    1110    1188     564
    1111    1186     568
    1115    1186     569
    1118    1189     569
    1116    1191     567
    1122    1193     565
    1124    1193     562
    1127    1196     557
    1130    1196     558
    1131    1194     559
    1127    1198     564
    1125    1196     562
    1126    1198     562
    1130    1194     564
    1130    1190     563
    1128    1189     564
    1125    1188     566
    1122    1185     564
    1123    1185     567
    1122    1190     573
    1120    1194     573
    1117    1197     571
    1112    1200     569
    1111    1203     570
    1112    1198     571
    1111    1193     572
    1111    1192     568
    1111    1191     563
    1112    1192     566
    1112    1195     565
    1110    1197     565
    1113    1196     560
    1115    1197     556
    1122    1199     559
    1129    1202     559
    1136    1205     560
    1138    1204     561
    1138    1202     555
    1136    1197     555
    1132    1196     552
    1126    1195     549
    1130    1195     548
    1128    1193     546
    1127    1195     545
    1131    1192     551
    1125    1188     552
    1127    1187     553
    1124    1183     557
    1121    1186     558
    1126    1185     559
    1126    1181     559
    1120    1184     555
    1125    1183     552
    1132    1186     550
    1127    1187     548
    1129    1189     547
    1123    1192     545
    1123    1196     548
    1123    1196     552
    1124    1193     554
    1126    1189     556
