     497     179     506
     491     178     511
     484     175     513
     483     171     519
     486     171     526
     490     171     532
     490     170     539
     491     177     536
     497     177     536
     504     179     539
     506     183     544
     502     181     546
     501     184     548
     499     183     551
     495     186     554
     497     191     558
     493     189     560
     496     190     561
     500     185     564
     498     183     563
     499     180     563
     495     177     560
     494     176     561
     495     173     561
     496     171     564
     495     172     565
     501     173     562
     504     168     559
     504     166     559
     510     167     557
     514     173     560
     516     170     555
     518     174     552
     514     175     550
     512     172     548
     512     178     546
     509     180     542
     507     183     540
     507     188     542
     506     186     536
     512     183     534
     514     184     541
     509     186     539
     502     187     541
     499     187     542
     493     184     539
     491     181     543
     490     187     544
     494     185     548
     495     182     549
     492     180     548
     488     183     550
     487     178     548
     486     183     551
     479     181     549
     483     177     550
     481     182     555
     486     177     558
     487     170     555
     491     169     555
     491     169     563
     494     167     569
     491     163     572
     492     161     579
     492     157     574
     498     162     574
     504     163     574
     510     166     570
     510     172     565
     509     171     562
     508     172     558
     513     174     555
     512     177     560
     512     180     564
     511     185     562
     510     185     557
     507     186     553
     504     183     553
     502     183     556
     500     180     555
     498     179     552
     499     177     551
     502     171     549
     505     169     547
     506     170     551
     504     173     554
     500     175     551
     500     173     549
     503     174     546
     502     173     542
     504     174     543
     501     171     546
     499     166     550
     499     164     555
     496     162     555
     493     165     557
     494     164     561
     499     164     562
     498     159     562
     501     161     561
     504     160     564
     507     164     563
     507     169     568
     503     169     568
     502     165     569
     505     170     574
     503     168     577
     510     166     579
     508     163     576
     502     165     573
     499     168     572
     497     168     570
     497     174     575
     503     179     576
     503     181     570
     501     181     571
     495     182     573
     493     181     575
     495     179     575
     491     184     576
     490     187     571
     484     184     572
     485     182     572
     480     182     568
     485     185     568
     486     190     571
     489     187     574
     485     183     573
     478     186     575
     479     181     575
     482     176     576
     477     176     570
     484     174     573
     481     173     570
     479     171     566
     481     169     571
     481     165     570
     487     165     570
     487     170     573
     487     170     567
     489     173     564
     491     178     562
     495     179     565
     496     181     567
     497     179     571
     494     177     578
     491     172     583
     490     174     588
     489     175     586
     486     179     592
     489     182     593
     492     183     596
     488     186     599
     491     190     601
     498     190     600
     494     191     602
     495     184     602
     500     185     601
     500     184     608
     502     188     602
     503     188     595
     504     190     595
     500     193     593
     497     196     597
     495     194     594
     495     191     590
     492     190     589
     494     185     590
     492     183     587
     486     184     586
     481     189     583
     484     194     579
     486     198     576
     486     194     575
     491     193     576
     492     194     574
     498     196     571
     500     199     575
     494     201     577
     496     197     577
     497     193     578
     499     194     576
     500     195     574
     501     192     575
     500     191     579
     502     189     579
     501     184     584
     498     185     586
     494     187     589
     490     188     588
     487     195     590
     488     191     595
     492     196     596
     490     194     590
     493     193     594
     498     190     593
     494     195     589
     495     197     590
     499     198     589
     502     197     590
     505     195     586
     507     199     585
     511     198     580
     514     191     579
     516     190     577
     523     192     578
     525     190     579
     524     191     583
     523     194     584
     521     194     587
     514     192     584
     511     194     586
     511     192     586
     512     189     586
     511     188     580
     513     185     577
     517     179     580
     516     182     576
     520     187     576
     521     186     578
     524     185     582
     523     185     586
     522     191     591
     518     194     591
     514     199     593
     508     198     595
     508     199     591
     511     196     595
     512     195     592
     511     196     589
     512     191     589
     516     196     589
     516     194     588
     514     195     582
     517     194     581
     517     190     584
     517     186     582
     520     180     582
     520     178     586
     522     178     587
     529     175     585
     529     178     582
     531     181     584
     530     183     583
     531     186     585
     535     189     583
     530     194     585
     532     189     581
     529     187     588
     526     187     592
     521     185     596
     518     185     599
     517     185     602
     518     183     603
     520     182     601
     523     185     601
     523     187     595
     520     189     595
     521     189     593
     520     190     591
     516     189     591
     514     189     594
     512     186     594
     510     188     594
     510     184     592
     510     178     588
     508     178     589
     509     174     588
     508     174     591
     503     176     589
     501     177     593
     501     174     592
     503     174     598
     508     174     600
     508     174     605
     512     175     609
     514     177     607
     514     178     604
     518     176     603
     522     176     600
     527     177     596
     529     176     597
     529     175     599
     528     181     602
     525     179     600
     527     181     600
     528     176     604
     528     172     604
     525     173     605
     522     172     606
     518     170     605
     519     171     608
     519     178     611
     518     182     609
     514     184     604
     510     186     600
     510     189     601
     512     187     604
     509     182     608
     508     184     606
     507     180     604
     510     179     602
     512     180     599
     512     180     596
     513     179     594
     517     178     592
     524     180     595
     531     181     596
     538     184     596
     541     177     594
     539     180     593
     536     174     596
     532     173     592
     527     171     590
     531     172     588
     529     171     586
     526     168     586
     530     169     592
     523     168     594
     525     166     595
     521     165     599
     518     168     599
     525     167     602
     522     164     602
     517     165     596
     524     162     596
     530     164     595
     526     165     591
     530     166     589
     524     170     586
     525     174     586
     525     175     591
     524     173     594
     524     169     597
