     247     879    1622
     251     883    1617
     254     889    1621
     254     897    1621
     254     904    1624
     251     910    1625
     254     916    1627
     247     918    1628
     252     916    1633
     252     918    1639
     252     922    1645
     253     925    1640
     252     928    1640
     255     929    1634
     254     928    1629
     256     926    1623
     256     932    1620
     259     927    1620
     265     926    1625
     264     929    1625
     264     933    1627
     263     935    1628
     262     937    1629
     264     937    1632
     268     939    1633
     268     938    1631
     268     933    1634
     269     931    1639
     271     930    1638
     274     925    1638
     277     922    1639
     274     918    1643
     277     916    1646
     270     915    1643
     266     917    1644
     259     918    1647
     253     919    1646
     248     920    1646
     247     922    1647
     245     919    1646
     245     912    1645
     251     915    1643
     244     918    1641
     245     923    1639
     247     922    1637
     243     925    1633
     247     927    1630
     243     931    1634
     248     932    1639
     252     932    1638
     248     932    1632
     249     936    1632
     249     937    1635
     250     936    1628
     247     943    1626
     248     943    1633
     251     944    1627
     255     942    1633
     257     944    1639
     260     941    1637
     265     944    1633
     271     945    1634
     273     950    1635
     273     953    1638
     278     954    1637
     279     948    1639
     283     943    1640
     282     936    1643
     277     930    1642
     274     927    1641
     272     924    1640
     271     922    1647
     277     925    1646
     272     927    1651
     265     930    1650
     258     933    1651
     253     932    1645
     257     930    1639
     258     927    1632
     258     930    1633
     258     928    1634
     258     927    1637
     263     921    1636
     264     919    1637
     266     922    1639
     265     926    1639
     260     927    1637
     261     924    1636
     259     923    1641
     258     917    1639
     258     918    1641
     260     922    1643
     263     929    1644
     265     935    1643
     262     941    1644
     263     942    1641
     266     942    1640
     269     941    1643
     271     941    1646
     271     938    1645
     274     936    1646
     275     938    1648
     278     936    1641
     275     936    1637
     277     940    1640
     281     940    1636
     282     937    1637
     287     931    1637
     286     938    1639
     279     941    1637
     274     940    1634
     273     941    1634
     275     939    1629
     275     932    1626
     271     928    1626
     272     930    1624
     277     931    1625
     279     931    1627
     285     930    1631
     283     931    1626
     285     935    1625
     284     940    1623
     282     939    1624
     280     944    1620
     285     943    1626
     292     942    1623
     290     940    1627
     289     947    1630
     289     948    1625
     283     949    1623
     279     945    1625
     278     949    1620
     277     943    1622
     275     948    1623
     271     950    1621
     269     950    1622
     271     954    1625
     270     951    1630
     267     947    1625
     266     946    1627
     265     943    1626
     262     937    1624
     266     936    1625
     269     933    1626
     268     934    1622
     266     937    1617
     269     940    1615
     271     939    1608
     274     941    1610
     276     938    1605
     279     934    1603
     282     928    1603
     276     929    1600
     276     925    1601
     276     919    1604
     273     921    1601
     279     922    1599
     281     917    1603
     279     912    1598
     279     914    1604
     281     917    1611
     279     917    1612
     273     919    1612
     271     920    1608
     274     924    1611
     276     925    1612
     279     929    1611
     281     927    1612
     278     934    1612
     283     938    1609
     288     943    1612
     288     940    1614
     294     941    1615
     288     938    1617
     290     935    1620
     293     936    1620
     298     933    1623
     296     928    1624
     292     927    1621
     292     930    1618
     293     930    1615
     298     929    1617
     297     930    1614
     296     930    1621
     291     927    1618
     291     926    1619
     291     926    1611
     287     927    1608
     282     928    1609
     279     930    1614
     277     930    1613
     272     930    1607
     270     925    1606
     269     926    1610
     273     924    1608
     280     924    1609
     274     927    1613
     271     925    1614
     269     921    1615
     272     918    1616
     274     918    1621
     274     916    1625
     274     916    1629
     279     912    1632
     280     911    1634
     287     914    1636
     290     914    1635
     290     914    1632
     288     914    1631
     287     917    1627
     284     919    1627
     280     917    1624
     278     913    1624
     280     910    1624
     275     911    1630
     275     907    1630
     278     901    1629
     277     907    1634
     282     907    1635
     285     908    1635
     288     907    1633
     288     905    1630
     286     909    1625
     286     914    1622
     279     916    1619
     274     912    1617
     274     914    1619
     277     910    1618
     279     911    1620
     280     918    1622
     282     915    1621
     283     918    1624
     285     916    1624
     282     918    1628
     283     915    1630
     284     911    1628
     285     908    1630
     289     903    1634
     293     903    1632
     298     905    1628
     299     901    1630
     298     903    1633
     300     907    1631
     299     909    1631
     297     909    1632
     300     915    1634
     298     917    1627
     297     913    1632
     297     911    1627
     295     909    1623
     291     907    1619
     289     906    1615
     288     905    1613
     291     904    1611
     293     904    1613
     294     905    1616
     293     909    1620
     290     910    1620
     289     909    1622
     289     913    1622
     287     913    1621
     285     912    1617
     286     913    1615
     285     915    1614
     290     916    1613
     297     917    1613
     300     916    1613
     298     918    1609
     299     916    1607
     293     920    1607
     292     921    1604
     294     921    1602
     294     914    1601
     294     907    1604
     291     902    1600
     288     899    1602
     290     899    1606
     287     900    1608
     291     899    1612
     291     898    1617
     292     898    1622
     289     897    1624
     288     895    1624
     291     900    1619
     289     900    1619
     286     898    1621
     286     892    1624
     287     892    1619
     287     892    1616
     286     893    1614
     291     893    1610
     288     892    1609
     283     897    1609
     283     899    1610
     284     904    1611
     285     911    1609
     282     909    1610
     282     906    1610
     285     905    1603
     283     907    1604
     287     909    1603
     290     906    1606
     290     909    1608
     291     910    1610
     294     911    1610
     299     911    1614
     301     906    1614
     303     907    1617
     310     908    1620
     310     904    1615
     308     901    1617
     304     901    1618
     302     899    1622
     298     898    1627
     301     898    1626
     301     895    1628
     303     897    1629
     298     892    1626
     298     894    1620
     298     891    1620
     297     891    1613
     292     890    1614
     295     889    1616
     295     887    1614
     300     892    1612
     302     892    1617
     304     891    1620
     304     894    1621
     302     891    1625
     299     893    1630
     297     896    1632
     294     898    1626
     294     895    1623
     294     891    1622
