    1604    1512    1247
    1603    1515    1241
    1608    1514    1235
    1615    1517    1233
    1620    1523    1234
    1619    1529    1239
    1615    1532    1244
    1617    1539    1241
    1619    1536    1246
    1622    1538    1252
    1623    1539    1255
    1618    1542    1255
    1616    1545    1256
    1611    1543    1253
    1608    1542    1249
    1604    1538    1245
    1598    1541    1246
    1600    1536    1245
    1598    1535    1251
    1601    1535    1252
    1600    1537    1257
    1600    1541    1256
    1600    1543    1257
    1600    1543    1260
    1599    1544    1263
    1598    1540    1262
    1601    1537    1263
    1605    1537    1267
    1606    1538    1268
    1608    1533    1270
    1606    1527    1273
    1609    1525    1267
    1614    1523    1271
    1614    1524    1266
    1618    1529    1264
    1623    1534    1262
    1625    1538    1258
    1626    1543    1258
    1626    1546    1256
    1628    1544    1251
    1632    1546    1256
    1628    1542    1261
    1629    1541    1254
    1623    1545    1251
    1620    1544    1249
    1618    1547    1244
    1614    1546    1245
    1616    1552    1247
    1615    1550    1254
    1612    1547    1255
    1611    1549    1248
    1609    1552    1251
    1610    1553    1253
    1605    1550    1248
    1602    1557    1249
    1606    1558    1253
    1601    1556    1254
    1603    1553    1261
    1606    1555    1263
    1603    1549    1262
    1598    1548    1262
    1593    1548    1264
    1590    1551    1264
    1587    1555    1266
    1591    1557    1269
    1591    1549    1269
    1593    1546    1276
    1597    1540    1278
    1603    1536    1275
    1604    1534    1270
    1608    1530    1267
    1614    1530    1271
    1609    1529    1273
    1614    1534    1275
    1616    1541    1273
    1618    1546    1268
    1616    1548    1261
    1612    1543    1257
    1609    1538    1253
    1608    1542    1255
    1610    1539    1254
    1612    1540    1257
    1612    1532    1257
    1613    1530    1259
    1611    1532    1262
    1610    1536    1263
    1611    1538    1259
    1612    1536    1257
    1617    1536    1259
    1619    1532    1255
    1619    1533    1258
    1618    1535    1262
    1613    1540    1265
    1608    1544    1268
    1607    1548    1269
    1604    1549    1266
    1603    1549    1269
    1602    1547    1271
    1606    1546    1274
    1604    1540    1274
    1601    1537    1276
    1603    1543    1279
    1598    1538    1276
    1597    1541    1272
    1595    1541    1271
    1590    1540    1271
    1589    1543    1272
    1587    1544    1279
    1591    1546    1280
    1593    1546    1274
    1595    1545    1269
    1593    1543    1266
    1589    1538    1264
    1593    1532    1266
    1597    1530    1260
    1600    1528    1256
    1597    1524    1254
    1595    1523    1255
    1602    1521    1258
    1595    1519    1257
    1590    1521    1259
    1588    1526    1255
    1586    1527    1257
    1586    1532    1254
    1586    1527    1260
    1586    1521    1256
    1583    1522    1255
    1588    1526    1252
    1581    1524    1252
    1584    1530    1253
    1586    1534    1259
    1584    1536    1254
    1586    1536    1259
    1585    1539    1255
    1585    1542    1251
    1585    1544    1254
    1583    1548    1255
    1588    1549    1259
    1587    1548    1257
    1592    1547    1255
    1595    1545    1255
    1597    1543    1253
    1597    1538    1256
    1598    1533    1256
    1599    1532    1261
    1597    1529    1265
    1596    1527    1267
    1598    1523    1273
    1598    1519    1271
    1598    1518    1278
    1595    1519    1283
    1589    1521    1287
    1587    1524    1291
    1588    1528    1289
    1587    1533    1286
    1587    1530    1290
    1585    1532    1289
    1579    1535    1287
    1575    1530    1291
    1574    1529    1286
    1578    1530    1280
    1580    1531    1279
    1584    1530    1277
    1589    1530    1278
    1587    1528    1280
    1586    1524    1279
    1589    1520    1280
    1587    1519    1278
    1592    1521    1276
    1591    1515    1272
    1589    1513    1266
    1587    1519    1265
    1585    1512    1262
    1586    1516    1262
    1583    1519    1263
    1580    1517    1263
    1574    1518    1262
    1572    1518    1265
    1576    1514    1260
    1577    1517    1266
    1578    1515    1269
    1573    1513    1269
    1576    1512    1271
    1576    1518    1269
    1577    1518    1271
    1575    1519    1273
    1574    1516    1277
    1580    1517    1280
    1584    1521    1282
    1584    1519    1280
    1587    1518    1283
    1592    1523    1284
    1590    1528    1284
    1590    1532    1282
    1585    1529    1281
    1584    1527    1282
    1587    1524    1276
    1588    1526    1276
    1588    1530    1273
    1583    1530    1273
    1582    1530    1269
    1577    1531    1265
    1573    1531    1262
    1570    1538    1262
    1575    1543    1262
    1576    1547    1266
    1576    1550    1270
    1575    1546    1271
    1576    1544    1271
    1575    1541    1273
    1577    1540    1270
    1576    1534    1268
    1573    1533    1267
    1570    1534    1267
    1574    1537    1261
    1568    1538    1259
    1564    1542    1260
    1572    1542    1260
    1570    1545    1261
    1570    1547    1264
    1569    1548    1268
    1567    1546    1270
    1570    1541    1273
    1576    1539    1275
    1579    1533    1272
    1576    1528    1273
    1579    1530    1269
    1572    1528    1271
    1570    1530    1271
    1574    1531    1270
    1574    1534    1272
    1572    1535    1270
    1570    1535    1270
    1577    1538    1269
    1575    1541    1266
    1570    1541    1268
    1569    1543    1268
    1566    1550    1267
    1564    1550    1270
    1566    1551    1277
    1564    1554    1278
    1566    1556    1275
    1569    1553    1279
    1570    1553    1276
    1572    1552    1278
    1577    1555    1277
    1578    1549    1281
    1575    1552    1275
    1571    1549    1279
    1569    1545    1280
    1565    1540    1279
    1563    1535    1279
    1561    1534    1280
    1560    1534    1284
    1560    1537    1283
    1562    1539    1284
    1568    1540    1281
    1570    1539    1279
    1568    1540    1276
    1571    1539    1276
    1569    1536    1275
    1569    1534    1277
    1570    1532    1280
    1572    1530    1278
    1572    1531    1284
    1571    1530    1291
    1572    1528    1290
    1573    1525    1290
    1569    1520    1290
    1572    1518    1283
    1573    1520    1286
    1572    1517    1286
    1566    1518    1281
    1562    1524    1278
    1555    1522    1279
    1552    1526    1278
    1553    1530    1283
    1555    1530    1279
    1556    1536    1278
    1556    1539    1279
    1557    1545    1275
    1557    1544    1272
    1555    1544    1269
    1558    1540    1275
    1558    1540    1277
    1558    1539    1273
    1556    1539    1269
    1552    1540    1272
    1550    1539    1274
    1550    1535    1275
    1548    1536    1280
    1547    1534    1279
    1550    1532    1283
    1553    1533    1285
    1558    1532    1284
    1564    1528    1281
    1566    1527    1278
    1562    1526    1277
    1559    1524    1284
    1560    1527    1287
    1561    1525    1284
    1559    1527    1277
    1563    1529    1281
    1565    1529    1283
    1565    1532    1287
    1566    1538    1289
    1564    1540    1290
    1565    1545    1290
    1564    1551    1294
    1560    1547    1297
    1558    1548    1292
    1559    1548    1289
    1559    1550    1284
    1560    1551    1280
    1559    1553    1280
    1557    1555    1279
    1560    1557    1280
    1554    1553    1277
    1553    1548    1279
    1550    1549    1280
    1546    1543    1283
    1547    1541    1276
    1548    1544    1282
    1545    1544    1279
    1548    1544    1286
    1551    1547    1286
    1551    1552    1285
    1554    1551    1285
    1555    1555    1282
    1555    1556    1276
    1559    1554    1273
    1559    1548    1275
    1555    1547    1276
    1552    1548    1275
