     996    1321    1371
     993    1314    1371
     996    1308    1372
     999    1301    1370
    1000    1294    1373
    1003    1287    1371
    1010    1287    1373
    1008    1280    1374
    1011    1277    1377
    1011    1282    1381
    1010    1280    1385
    1014    1283    1385
    1015    1282    1388
    1019    1285    1391
    1018    1289    1393
    1014    1295    1393
    1020    1295    1396
    1016    1298    1394
    1021    1298    1393
    1020    1296    1387
    1023    1296    1385
    1022    1295    1383
    1024    1296    1382
    1028    1294    1384
    1032    1294    1386
    1030    1294    1388
    1030    1292    1383
    1034    1287    1384
    1034    1286    1385
    1031    1284    1392
    1033    1285    1399
    1029    1285    1400
    1031    1283    1405
    1026    1286    1403
    1020    1286    1398
    1015    1285    1392
    1009    1284    1387
    1006    1283    1385
    1006    1287    1387
    1003    1280    1387
    1000    1286    1387
    1006    1288    1391
    1005    1285    1393
    1008    1280    1391
    1010    1282    1393
    1011    1280    1400
    1014    1275    1395
    1012    1275    1397
    1016    1276    1392
    1018    1283    1394
    1018    1281    1395
    1021    1275    1395
    1021    1273    1394
    1020    1273    1392
    1026    1269    1395
    1024    1272    1401
    1027    1274    1398
    1029    1281    1395
    1032    1285    1393
    1030    1290    1388
    1032    1295    1393
    1034    1296    1396
    1034    1298    1399
    1033    1298    1405
    1037    1296    1406
    1039    1294    1400
    1042    1292    1400
    1044    1287    1396
    1039    1286    1395
    1038    1284    1392
    1032    1283    1393
    1031    1280    1395
    1035    1282    1395
    1040    1277    1392
    1036    1274    1387
    1029    1273    1384
    1023    1278    1383
    1018    1284    1382
    1017    1291    1384
    1019    1291    1382
    1021    1285    1386
    1021    1285    1384
    1024    1281    1378
    1026    1277    1384
    1028    1279    1383
    1027    1282    1387
    1023    1283    1385
    1022    1283    1382
    1019    1279    1383
    1017    1277    1381
    1019    1279    1380
    1021    1283    1378
    1029    1283    1378
    1034    1284    1381
    1036    1285    1377
    1034    1289    1382
    1035    1291    1384
    1039    1289    1384
    1040    1286    1379
    1041    1285    1382
    1045    1285    1383
    1044    1283    1389
    1045    1290    1387
    1041    1292    1389
    1043    1290    1391
    1043    1297    1392
    1044    1295    1395
    1051    1293    1396
    1051    1293    1391
    1046    1294    1389
    1040    1296    1389
    1038    1298    1390
    1038    1301    1388
    1040    1304    1391
    1035    1305    1385
    1033    1305    1383
    1039    1302    1379
    1045    1298    1377
    1048    1296    1378
    1047    1302    1381
    1044    1301    1374
    1040    1302    1375
    1038    1299    1375
    1032    1297    1373
    1037    1300    1373
    1041    1302    1369
    1044    1299    1370
    1038    1296    1372
    1033    1299    1368
    1031    1303    1372
    1034    1305    1379
    1034    1306    1381
    1034    1304    1381
    1031    1307    1386
    1026    1310    1391
    1027    1309    1393
    1030    1308    1396
    1031    1302    1399
    1031    1306    1399
    1028    1303    1394
    1026    1300    1391
    1026    1296    1393
    1026    1298    1389
    1027    1300    1385
    1024    1302    1383
    1021    1304    1380
    1023    1309    1377
    1027    1315    1378
    1026    1315    1375
    1030    1321    1375
    1036    1321    1375
    1042    1324    1379
    1040    1324    1379
    1040    1318    1381
    1044    1316    1386
    1039    1315    1382
    1042    1314    1384
    1045    1311    1387
    1049    1306    1386
    1049    1312    1387
    1048    1313    1389
    1047    1317    1389
    1040    1317    1390
    1039    1316    1387
    1036    1319    1389
    1039    1321    1383
    1036    1326    1381
    1039    1325    1380
    1036    1318    1379
    1036    1318    1371
    1036    1313    1366
    1038    1311    1369
    1042    1310    1364
    1040    1309    1369
    1045    1308    1371
    1046    1308    1369
    1053    1308    1369
    1053    1309    1374
    1049    1313    1375
    1047    1312    1373
    1048    1316    1372
    1053    1315    1369
    1051    1317    1370
    1052    1311    1374
    1050    1315    1375
    1051    1315    1377
    1051    1322    1376
    1046    1324    1378
    1042    1327    1384
    1035    1327    1384
    1033    1329    1386
    1032    1324    1383
    1036    1325    1388
    1036    1317    1388
    1036    1320    1387
    1042    1322    1386
    1037    1326    1389
    1034    1323    1391
    1035    1319    1394
    1038    1319    1396
    1040    1315    1397
    1041    1316    1399
    1039    1316    1405
    1044    1311    1403
    1044    1308    1405
    1048    1310    1411
    1051    1311    1413
    1053    1313    1410
    1052    1315    1409
    1052    1319    1407
    1048    1319    1407
    1047    1317    1400
    1045    1317    1401
    1048    1313    1398
    1043    1309    1401
    1046    1306    1400
    1053    1304    1398
    1048    1302    1403
    1048    1305    1408
    1050    1306    1407
    1055    1308    1408
    1057    1310    1405
    1057    1318    1405
    1052    1320    1403
    1049    1321    1396
    1045    1325    1397
    1042    1323    1399
    1048    1323    1396
    1049    1323    1399
    1046    1322    1401
    1049    1321    1400
    1049    1321    1404
    1051    1316    1401
    1045    1317    1406
    1047    1314    1407
    1050    1313    1404
    1051    1309    1402
    1054    1303    1405
    1058    1305    1400
    1060    1306    1405
    1065    1304    1410
    1061    1304    1410
    1063    1308    1412
    1061    1308    1413
    1061    1310    1413
    1060    1312    1419
    1058    1317    1415
    1058    1311    1416
    1061    1314    1410
    1062    1315    1406
    1061    1316    1400
    1062    1316    1395
    1062    1315    1393
    1065    1317    1391
    1067    1318    1393
    1066    1320    1397
    1062    1320    1401
    1059    1319    1400
    1059    1317    1402
    1056    1318    1403
    1054    1318    1400
    1054    1318    1396
    1055    1319    1394
    1052    1319    1392
    1053    1323    1393
    1058    1329    1392
    1057    1329    1390
    1055    1330    1387
    1060    1328    1385
    1055    1325    1381
    1052    1327    1382
    1056    1327    1380
    1061    1322    1379
    1062    1317    1380
    1063    1312    1379
    1067    1313    1381
    1065    1309    1385
    1066    1314    1386
    1068    1313    1392
    1068    1310    1396
    1069    1310    1401
    1071    1310    1402
    1074    1310    1400
    1072    1316    1397
    1068    1313    1397
    1070    1314    1397
    1074    1313    1397
    1076    1310    1395
    1074    1309    1393
    1073    1309    1389
    1069    1305    1388
    1071    1306    1386
    1072    1313    1385
    1065    1310    1387
    1060    1312    1391
    1056    1316    1389
    1055    1315    1390
    1057    1312    1389
    1059    1310    1384
    1057    1309    1386
    1059    1314    1384
    1061    1316    1385
    1061    1318    1388
    1059    1320    1389
    1062    1323    1388
    1064    1325    1394
    1068    1324    1398
    1069    1324    1405
    1073    1321    1409
    1077    1321    1407
    1073    1318    1410
    1075    1313    1407
    1072    1307    1407
    1068    1303    1404
    1070    1304    1407
    1067    1299    1406
    1066    1301    1410
    1072    1302    1405
    1069    1301    1398
    1071    1300    1399
    1075    1300    1394
    1068    1302    1391
    1075    1304    1393
    1073    1299    1390
    1066    1298    1393
    1072    1296    1396
    1076    1299    1402
    1071    1297    1403
    1072    1299    1406
    1065    1298    1405
    1063    1301    1404
    1066    1307    1402
    1067    1304    1400
    1069    1304    1397
