    1289     307      62
    1295     304      58
    1298     298      56
    1302     295      50
    1300     289      46
    1297     283      42
    1291     281      39
    1288     279      46
    1286     280      44
    1283     286      41
    1281     289      39
    1277     286      39
    1273     287      41
    1272     286      38
    1277     287      32
    1281     287      27
    1278     281      24
    1279     283      22
    1272     280      22
    1274     284      24
    1270     285      23
    1269     287      26
    1267     288      26
    1265     284      27
    1262     281      27
    1262     283      27
    1265     279      28
    1263     275      33
    1262     274      34
    1260     277      39
    1253     278      42
    1258     281      47
    1256     287      48
    1260     284      49
    1264     288      48
    1271     289      45
    1278     292      45
    1283     292      41
    1280     295      42
    1285     294      44
    1283     298      49
    1276     295      47
    1282     291      49
    1280     289      45
    1281     286      46
    1280     280      50
    1277     279      49
    1274     280      51
    1271     284      48
    1270     284      44
    1272     279      45
    1269     277      47
    1270     276      48
    1271     272      45
    1268     266      48
    1265     269      47
    1265     267      42
    1261     272      38
    1264     271      35
    1265     277      30
    1261     283      28
    1256     285      28
    1252     289      28
    1249     295      32
    1248     292      35
    1250     287      33
    1247     284      35
    1251     279      37
    1255     282      37
    1257     276      38
    1260     280      40
    1260     284      42
    1259     287      39
    1260     290      37
    1262     293      36
    1264     295      36
    1269     292      38
    1272     290      35
    1274     290      32
    1272     288      32
    1272     284      36
    1273     282      36
    1276     275      34
    1273     274      40
    1271     275      36
    1268     279      37
    1272     280      36
    1274     279      35
    1277     278      37
    1281     278      37
    1280     278      37
    1278     277      34
    1272     272      33
    1265     270      31
    1265     267      29
    1264     273      28
    1261     276      27
    1257     273      25
    1259     268      25
    1257     268      28
    1255     267      24
    1252     268      31
    1252     273      29
    1253     277      30
    1253     278      28
    1250     281      29
    1249     279      31
    1243     277      35
    1247     273      32
    1251     276      26
    1254     281      25
    1256     281      25
    1257     280      20
    1258     281      16
    1265     278      17
    1270     277      16
    1269     275      11
    1265     271      13
    1265     272      16
    1260     268      13
    1260     270       9
    1260     277       9
    1258     278      14
    1259     282      10
    1258     280      11
    1259     274       6
    1263     275       6
    1265     280       6
    1263     283       3
    1263     285       7
    1258     284      13
    1257     286      14
    1256     286      16
    1257     290      17
    1259     296      20
    1257     293      19
    1254     297      21
    1255     293      26
    1253     293      23
    1260     293      24
    1263     290      24
    1268     289      22
    1268     284      21
    1269     281      19
    1268     286      18
    1270     291      15
    1266     293      10
    1259     296       8
    1260     297       8
    1253     299       8
    1249     299      10
    1245     296      15
    1243     301      13
    1240     298      14
    1234     295      13
    1236     299      13
    1239     298      18
    1234     293      19
    1232     297      24
    1230     293      18
    1233     287      15
    1232     287      14
    1236     288      10
    1234     293       7
    1238     291       8
    1241     290       6
    1244     292       5
    1245     289      10
    1250     291       8
    1251     289       4
    1254     283       0
    1251     280       1
    1252     275       0
    1256     273       2
    1253     273       7
    1252     274       5
    1249     269      10
    1246     268       8
    1247     268       3
    1246     273       6
    1247     276       9
    1247     274      12
    1248     271      13
    1248     272      15
    1245     277      11
    1244     275      15
    1245     280      16
    1245     284      14
    1244     289      12
    1247     289       8
    1246     292       2
    1243     297       5
    1238     296       6
    1242     293      12
    1238     293       7
    1238     289      11
    1241     288       4
    1239     288       4
    1237     286       2
    1234     285       5
    1236     280       8
    1234     278       4
    1233     274       2
    1233     269       7
    1233     266      10
    1226     263       9
    1223     262      10
    1223     266      11
    1223     268      10
    1222     272       9
    1226     274       7
    1231     276       9
    1232     276      10
    1232     274      13
    1236     269      10
    1237     263      11
    1237     263      19
    1236     265      17
    1232     262      11
    1229     262      12
    1227     263      16
    1221     267      17
    1220     273      15
    1223     275      12
    1223     281       7
    1227     285       8
    1228     283       5
    1224     284      11
    1224     280      10
    1227     279       7
    1229     277      12
    1226     277      10
    1226     274      11
    1230     272       7
    1228     269       8
    1230     270      12
    1232     268      14
    1232     262      19
    1231     264      23
    1226     264      22
    1224     259      26
    1224     258      23
    1219     260      22
    1221     260      19
    1218     262      19
    1216     258      14
    1215     265      14
    1220     260      16
    1219     265      19
    1220     270      21
    1220     275      22
    1222     279      23
    1222     281      25
    1222     282      27
    1223     277      27
    1226     275      26
    1226     273      22
    1223     275      19
    1222     274      18
    1224     273      16
    1226     276      16
    1227     280      17
    1229     280      19
    1230     282      17
    1233     279      19
    1238     276      23
    1238     275      24
    1240     278      22
    1238     280      26
    1241     282      22
    1241     286      23
    1241     286      24
    1237     287      29
    1233     283      32
    1230     287      35
    1225     287      36
    1224     284      34
    1223     284      31
    1222     278      32
    1221     275      31
    1218     268      30
    1217     267      31
    1216     268      33
    1219     273      28
    1221     273      29
    1217     273      27
    1215     271      31
    1215     272      35
    1218     274      36
    1218     277      37
    1223     278      39
    1220     280      39
    1217     284      33
    1218     285      30
    1222     285      25
    1227     286      21
    1224     287      19
    1223     287      23
    1225     291      28
    1226     290      26
    1229     289      28
    1229     285      29
    1229     283      26
    1231     281      25
    1232     278      26
    1233     273      26
    1232     270      28
    1234     269      30
    1240     264      31
    1240     260      34
    1237     266      36
    1235     263      37
    1230     263      32
    1225     262      33
    1223     260      31
    1224     258      32
    1223     257      29
    1221     261      35
    1225     266      36
    1223     265      39
    1224     270      42
    1227     274      38
    1225     272      40
    1223     272      44
    1230     273      41
    1229     267      41
    1227     262      41
    1229     262      38
    1225     259      37
    1227     258      31
    1228     262      28
    1228     265      28
    1225     267      32
    1221     267      37
