     165     514     527
     172     517     525
     179     520     527
     182     527     526
     188     530     530
     195     527     532
     201     527     537
     196     521     536
     192     521     540
     189     520     547
     190     516     552
     194     517     550
     196     514     550
     200     515     551
     204     510     550
     205     504     551
     211     505     550
     209     503     555
     211     510     556
     211     510     554
     210     510     559
     208     515     558
     208     514     560
     210     518     559
     211     518     564
     211     519     562
     210     522     559
     207     529     559
     205     533     558
     201     533     561
     201     537     563
     195     533     564
     191     530     565
     191     528     561
     191     529     557
     189     523     557
     187     521     553
     186     517     548
     187     512     551
     184     514     546
     180     518     547
     183     518     554
     184     513     551
     190     512     546
     193     512     544
     196     514     538
     201     517     540
     203     512     539
     200     512     545
     201     514     548
     204     516     544
     207     516     543
     207     520     542
     210     517     543
     214     520     537
     212     523     541
     216     518     542
     213     522     548
     212     525     549
     210     522     556
     210     520     563
     211     519     569
     210     519     575
     206     516     579
     204     522     579
     206     521     575
     207     527     575
     205     530     572
     203     527     568
     204     531     565
     200     528     562
     196     526     564
     199     524     566
     198     519     567
     198     516     567
     196     514     565
     195     513     559
     198     513     556
     200     512     556
     202     514     554
     201     518     553
     200     520     553
     199     527     551
     197     530     551
     198     529     555
     200     525     556
     201     522     552
     200     524     551
     196     524     551
     192     525     548
     193     525     550
     197     526     548
     204     529     550
     209     530     553
     211     531     551
     212     525     555
     212     524     559
     212     527     560
     214     534     558
     212     534     559
     213     535     562
     207     534     564
     213     533     565
     214     529     565
     211     528     568
     213     527     572
     214     526     574
     216     529     578
     212     531     575
     216     528     570
     215     523     567
     215     522     566
     219     519     567
     221     515     562
     220     509     560
     220     509     557
     222     514     552
     222     517     555
     223     512     560
     228     518     559
     224     521     553
     227     522     558
     224     525     558
     225     525     559
     223     527     557
     225     524     552
     225     528     552
     226     522     557
     232     519     560
     230     520     563
     228     523     567
     227     522     571
     225     524     568
     225     518     571
     224     517     577
     222     513     573
     220     516     578
     213     514     575
     217     514     576
     214     512     570
     210     512     567
     210     510     563
     213     512     559
     216     512     557
     219     514     553
     224     510     549
     231     510     552
     237     514     551
     234     515     547
     240     518     548
     244     520     553
     248     526     554
     251     529     558
     248     527     560
     243     527     565
     247     528     563
     246     526     566
     245     533     569
     250     538     567
     245     539     566
     238     536     565
     237     533     565
     236     531     561
     238     528     560
     239     530     559
     238     529     555
     240     527     552
     240     529     550
     237     524     552
     235     524     546
     232     528     543
     228     528     547
     223     531     550
     225     528     547
     227     533     549
     227     535     547
     226     540     545
     224     544     551
     221     539     548
     226     540     550
     230     539     549
     230     544     545
     232     541     545
     227     542     551
     232     542     551
     231     544     553
     238     546     552
     240     539     551
     243     536     554
     242     533     550
     244     532     548
     245     527     552
     245     531     557
     241     526     556
     241     530     561
     241     532     559
     239     533     553
     237     531     555
     234     532     559
     232     534     560
     225     537     562
     223     541     563
     220     542     566
     220     543     573
     218     540     575
     220     540     581
     223     538     583
     225     538     581
     227     536     578
     230     539     576
     226     535     573
     227     537     569
     226     540     568
     225     546     569
     219     544     570
     220     550     573
     223     552     579
     218     546     578
     220     545     580
     222     545     581
     226     544     583
     228     545     583
     231     542     577
     232     537     574
     233     534     570
     233     539     564
     228     537     562
     229     544     563
     229     544     565
     228     539     566
     230     541     568
     229     536     571
     228     543     570
     224     538     571
     223     539     574
     225     542     574
     228     540     578
     234     537     582
     241     536     582
     238     538     585
     238     541     589
     236     538     591
     234     538     589
     230     542     590
     228     541     589
     226     534     590
     229     531     584
     229     535     588
     232     538     584
     234     543     581
     235     549     576
     236     551     573
     238     552     572
     242     552     574
     240     551     576
     241     548     577
     238     545     576
     236     544     574
     232     546     576
     233     542     574
     231     546     570
     234     546     568
     237     545     567
     237     542     566
     240     542     566
     247     541     566
     248     540     569
     250     541     563
     251     545     559
     244     545     556
     247     543     557
     248     547     553
     247     551     558
     249     553     565
     249     559     567
     245     562     570
     245     559     572
     242     557     571
     239     557     577
     238     555     581
     235     552     586
     234     553     588
     233     554     587
     236     553     580
     238     553     581
     235     553     581
     233     556     584
     236     559     584
     237     561     583
     239     562     580
     245     561     579
     243     564     578
     238     563     572
     236     560     571
     237     556     569
     238     551     565
     236     551     564
     236     555     565
     243     556     564
     247     553     568
     245     553     565
     242     555     567
     242     551     567
     242     549     567
     246     548     571
     246     544     575
     246     544     578
     248     543     579
     253     539     583
     256     542     582
     254     546     583
     253     545     587
     246     545     588
     239     547     590
     241     546     591
     241     546     594
     239     544     594
     239     550     593
     244     552     588
     243     554     592
     245     559     589
     243     561     585
     246     558     585
     246     562     587
     250     556     584
     250     554     588
     248     552     593
     248     549     590
     246     546     593
     243     543     592
     242     542     587
     242     544     585
     241     550     586
     241     555     589
