     385     765     221
     384     758     218
     387     754     214
     388     748     209
     388     742     204
     392     736     201
     392     729     203
     395     732     207
     399     730     201
     405     725     202
     408     724     203
     404     722     206
     402     722     209
     398     719     209
     394     719     208
     389     717     206
     385     713     210
     385     713     205
     388     709     209
     392     709     205
     394     706     208
     394     709     212
     394     709     213
     397     707     214
     397     705     217
     398     704     213
     400     704     210
     404     703     210
     406     703     210
     407     702     207
     410     697     205
     410     701     199
     415     700     198
     414     706     198
     413     710     199
     415     717     202
     412     722     203
     412     727     201
     413     726     207
     411     731     203
     418     730     206
     417     723     207
     413     729     208
     407     728     207
     404     728     207
     403     732     213
     400     728     214
     403     728     218
     405     723     216
     404     721     215
     399     723     215
     395     723     216
     398     722     219
     392     722     215
     388     725     220
     393     722     224
     388     720     220
     393     715     222
     398     714     224
     399     712     220
     396     708     222
     395     703     224
     393     705     227
     392     703     232
     397     704     234
     399     700     228
     405     696     226
     410     695     220
     411     698     213
     407     700     211
     410     703     205
     415     705     204
     415     699     206
     420     702     210
     418     709     212
     417     715     216
     410     718     214
     404     716     211
     398     716     206
     396     715     206
     400     715     208
     403     715     208
     403     712     201
     405     710     200
     406     708     202
     407     710     206
     403     714     206
     401     714     202
     406     716     203
     405     718     198
     408     717     199
     409     715     203
     408     712     210
     407     709     216
     407     711     223
     404     710     222
     404     708     221
     406     706     221
     410     706     220
     410     702     217
     412     698     217
     413     701     221
     408     696     218
     402     698     219
     405     697     219
     401     693     222
     400     695     225
     401     693     231
     406     691     226
     403     697     226
     400     701     222
     398     700     221
     397     696     217
     394     693     216
     393     696     210
     396     698     203
     399     692     207
     406     689     208
     410     687     210
     404     685     214
     403     684     210
     399     686     208
     401     688     209
     397     692     204
     401     688     205
     403     683     204
     404     685     202
     403     691     199
     400     689     196
     396     692     202
     394     692     209
     393     692     212
     392     693     214
     389     695     215
     383     699     215
     384     698     217
     383     699     220
     388     703     224
     386     701     223
     387     705     219
     389     706     216
     391     709     216
     392     705     211
     394     703     208
     392     703     206
     390     702     200
     385     699     203
     383     693     201
     384     693     198
     381     687     197
     378     685     199
     376     679     203
     373     684     203
     374     686     209
     376     686     214
     373     683     211
     371     685     211
     371     682     216
     368     676     212
     373     675     215
     380     677     218
     382     679     218
     384     683     215
     382     685     213
     382     683     212
     384     679     209
     384     680     204
     383     677     207
     386     684     205
     389     680     199
     396     679     196
     396     678     200
     401     674     200
     399     679     202
     400     678     208
     401     676     205
     404     673     211
     401     671     215
     404     671     208
     397     673     210
     395     671     208
     396     667     208
     399     667     210
     399     673     213
     394     671     211
     394     670     214
     388     666     211
     385     671     208
     382     675     207
     385     677     204
     380     675     205
     378     681     204
     382     683     207
     379     688     212
     379     685     210
     381     680     213
     387     681     208
     386     683     209
     388     684     213
     388     682     217
     392     682     218
     393     682     221
     396     683     224
     390     687     227
     390     689     230
     392     686     237
     390     685     240
     389     682     238
     390     681     236
     390     677     235
     393     679     232
     392     678     226
     390     681     225
     386     682     225
     388     689     226
     384     689     226
     379     689     226
     386     691     228
     389     690     234
     387     689     235
     384     686     237
     382     684     236
     385     677     234
     389     674     232
     392     672     225
     388     675     220
     391     678     220
     388     675     222
     389     673     225
     391     675     225
     388     676     226
     391     677     229
     389     677     229
     393     682     229
     393     683     232
     387     683     231
     385     685     232
     382     690     237
     378     688     238
     379     685     241
     375     686     245
     379     687     246
     380     683     246
     381     681     245
     383     681     246
     389     682     248
     388     676     244
     386     682     246
     382     678     242
     380     676     239
     378     675     234
     375     674     229
     373     673     228
     371     671     229
     371     670     232
     374     672     234
     380     673     235
     380     676     231
     381     678     232
     384     676     233
     385     674     231
     382     674     227
     380     676     225
     382     673     223
     382     667     227
     382     660     228
     385     662     227
     385     662     223
     382     660     222
     384     664     216
     381     665     214
     381     662     213
     376     661     216
     371     663     221
     365     664     222
     362     668     223
     364     670     226
     367     671     225
     367     673     231
     368     677     232
     371     679     237
     371     684     234
     370     686     231
     371     679     233
     371     680     231
     371     683     230
     367     689     231
     365     685     231
     364     683     230
     363     680     227
     360     676     230
     359     676     227
     363     677     223
     365     675     224
     371     675     224
     376     672     222
     377     674     221
     374     673     221
     368     669     218
     370     672     218
     371     668     219
     370     666     225
     374     668     225
     376     667     225
     377     665     228
     378     665     234
     374     666     237
     375     668     242
     369     665     245
     374     668     249
     368     669     245
     369     673     245
     370     678     244
     371     685     242
     371     682     245
     369     685     246
     372     685     248
     369     680     245
     366     678     240
     362     681     241
     360     675     237
     360     678     234
     360     681     236
     357     682     235
     358     676     239
     361     676     243
     362     681     245
     364     679     246
     365     685     246
     368     689     244
     373     689     242
     372     684     238
     368     684     238
     364     686     237
