     578       2     967
     584       3     972
     591       4     969
     595       1     963
     599       0     957
     606       1     954
     612       2     951
     609       7     956
     615       7     954
     621      12     955
     622      16     956
     618      19     954
     616      17     952
     614      19     949
     609      15     946
     607      10     944
     604      14     940
     608       9     939
     614      11     935
     610      14     939
     614      15     937
     616      17     938
     615      20     938
     614      23     938
     612      26     935
     616      24     934
     618      24     937
     620      31     940
     622      31     940
     626      31     940
     633      31     938
     633      26     942
     635      23     946
     633      28     948
     630      25     951
     628      21     954
     624      19     959
     621      18     962
     622      12     960
     620      13     964
     626      10     964
     628      14     958
     623      15     963
     616      16     961
     614      13     958
     607      13     958
     606      16     956
     607      20     959
     610      20     956
     610      19     951
     609      23     955
     605      22     951
     606      26     954
     603      21     949
     597      25     950
     601      29     952
     600      25     946
     607      28     944
     606      32     946
     609      27     941
     610      26     936
     615      29     931
     620      34     928
     625      40     929
     623      44     931
     620      37     929
     618      41     928
     622      37     931
     625      32     936
     626      28     937
     626      26     941
     630      23     944
     628      20     940
     628      14     940
     626      14     942
     624      12     945
     620      12     948
     619      14     947
     616      15     946
     615      18     946
     616      20     947
     617      22     949
     620      29     951
     624      29     951
     624      30     947
     622      26     945
     618      24     948
     618      26     950
     621      25     953
     622      27     957
     624      25     955
     620      29     954
     617      32     949
     615      34     944
     611      35     945
     608      30     941
     607      29     937
     610      33     937
     609      39     936
     613      37     938
     606      38     935
     613      40     935
     617      35     931
     616      33     932
     612      35     929
     613      34     925
     609      33     923
     612      40     921
     607      38     923
     607      33     927
     610      29     929
     608      27     929
     608      24     926
     614      20     927
     607      17     929
     607      14     929
     607      10     925
     605      13     924
     610       7     925
     616       9     921
     613       7     919
     611      13     918
     615      14     919
     610      18     917
     616      14     918
     613       9     913
     610      12     912
     604      15     916
     608      14     910
     610      18     914
     609      23     917
     612      24     916
     615      22     920
     617      22     921
     617      26     919
     620      24     922
     620      26     921
     621      27     924
     623      26     925
     619      22     929
     618      22     932
     615      19     935
     611      17     934
     612      15     932
     618      16     932
     619      10     934
     618       8     930
     624       8     929
     624       4     929
     628       8     929
     628      13     926
     629      18     927
     635      15     931
     635      20     930
     637      23     927
     637      23     929
     633      25     928
     633      29     925
     633      34     926
     631      32     922
     632      28     918
     633      27     919
     637      22     921
     642      18     923
     638      18     921
     635      16     919
     634      12     919
     630      17     919
     627      14     923
     626       8     919
     623       2     915
     621       7     916
     622       3     910
     618       5     913
     620      10     911
     620       9     908
     621      14     903
     629      14     903
     628       7     906
     626      11     905
     624      13     908
     624      15     904
     629      13     907
     623      16     909
     629      17     908
     626      20     910
     623      21     910
     627      18     915
     631      17     918
     630      13     920
     636       9     918
     636      11     925
     640      15     926
     634      19     928
     639      18     924
     635      20     920
     638      13     919
     640      15     916
     643      18     919
     644      21     917
     641      21     913
     643      21     910
     648      23     909
     645      25     902
     643      26     902
     649      31     901
     649      35     900
     647      36     903
     647      35     905
     646      35     909
     645      32     911
     642      27     911
     641      27     909
     638      27     906
     642      22     904
     639      23     899
     635      26     894
     638      25     900
     644      29     897
     644      31     897
     643      36     898
     643      41     903
     643      40     910
     643      36     911
     642      33     918
     643      30     920
     644      28     918
     640      30     916
     638      29     913
     644      29     914
     640      30     911
     642      34     914
     641      32     909
     647      28     908
     646      30     905
     641      30     903
     641      32     901
     640      35     894
     636      37     895
     639      41     897
     639      45     893
     642      44     894
     644      47     897
     645      45     898
     646      45     899
     653      44     899
     652      41     905
     649      42     899
     645      44     902
     640      44     905
     636      42     908
     632      40     909
     631      41     912
     629      43     912
     630      43     907
     631      41     904
     635      39     905
     638      40     911
     639      39     908
     640      37     908
     637      34     909
     634      33     911
     632      32     910
     633      30     913
     631      30     908
     627      29     902
     626      30     900
     625      27     901
     622      29     902
     621      27     907
     622      26     909
     618      27     905
     618      32     909
     619      38     907
     617      41     910
     619      45     913
     622      45     912
     624      44     913
     627      47     909
     630      48     906
     635      51     903
     635      52     902
     634      54     903
     635      48     908
     632      47     906
     634      49     907
     634      53     907
     630      54     906
     628      55     908
     625      53     908
     621      50     906
     621      52     909
     624      50     916
     627      47     917
     628      41     915
     628      35     915
     629      34     916
     628      38     917
     623      39     917
     625      38     918
     622      36     915
     622      38     911
     625      37     910
     627      35     908
     627      36     904
     629      35     900
     629      38     897
     627      38     895
     626      36     888
     624      37     886
     622      40     890
     624      43     889
     630      45     891
     633      49     895
     636      51     894
     636      51     891
     638      49     891
     633      53     894
     628      50     896
     628      54     896
     623      55     898
     622      49     901
     622      51     900
     621      55     900
     620      48     897
     622      49     894
     626      53     890
     627      49     889
     630      50     889
     635      46     889
     635      44     893
     633      43     895
     631      47     897
     629      53     899
