     758    1483     573
     761    1478     569
     762    1473     564
     759    1471     557
     753    1472     553
     747    1470     550
     740    1470     548
     742    1463     551
     745    1462     546
     744    1456     541
     743    1453     540
     738    1454     541
     735    1453     543
     732    1456     543
     729    1460     547
     729    1464     552
     722    1463     551
     723    1464     552
     719    1461     547
     724    1464     546
     722    1464     542
     725    1468     540
     726    1471     541
     725    1468     536
     723    1467     532
     722    1466     534
     724    1461     534
     727    1459     528
     728    1459     525
     730    1454     524
     724    1449     525
     730    1448     523
     732    1442     525
     735    1447     527
     738    1449     529
     741    1449     533
     743    1449     538
     746    1450     541
     742    1446     544
     747    1449     546
     746    1442     545
     741    1443     539
     746    1447     542
     742    1451     547
     741    1455     548
     738    1460     553
     736    1454     553
     735    1451     554
     734    1456     548
     731    1453     545
     731    1453     552
     728    1451     551
     729    1448     547
     725    1452     549
     722    1445     550
     722    1449     552
     720    1451     545
     721    1456     539
     724    1462     535
     727    1469     533
     722    1471     532
     718    1470     529
     717    1474     526
     716    1478     522
     715    1476     518
     716    1471     521
     712    1465     519
     714    1458     522
     719    1454     526
     721    1453     527
     726    1451     529
     731    1448     528
     725    1447     530
     724    1444     535
     726    1447     536
     728    1443     537
     731    1449     540
     732    1455     540
     732    1462     543
     732    1464     542
     733    1460     541
     735    1462     539
     738    1463     533
     738    1456     530
     735    1456     529
     732    1457     532
     733    1459     537
     735    1460     535
     738    1456     535
     743    1460     537
     742    1457     534
     740    1460     533
     736    1464     529
     731    1464     525
     730    1467     523
     728    1470     528
     725    1465     528
     725    1465     523
     724    1463     518
     725    1460     520
     722    1457     518
     718    1453     522
     717    1457     527
     717    1461     527
     717    1461     522
     713    1464     527
     711    1464     522
     705    1459     523
     709    1462     518
     714    1464     523
     717    1465     529
     718    1467     529
     713    1463     533
     711    1463     537
     715    1460     541
     717    1457     541
     716    1453     540
     714    1448     535
     715    1442     538
     710    1444     542
     711    1446     542
     708    1446     535
     707    1452     533
     705    1455     535
     709    1452     534
     706    1450     539
     709    1450     538
     708    1450     531
     703    1450     530
     704    1456     530
     703    1461     528
     704    1463     530
     707    1463     534
     706    1466     532
     705    1472     528
     708    1473     533
     708    1475     531
     714    1476     529
     711    1474     535
     716    1476     535
     720    1474     537
     722    1470     542
     719    1467     541
     718    1462     542
     716    1467     543
     716    1473     547
     711    1470     546
     707    1474     549
     708    1472     547
     704    1478     545
     698    1476     548
     694    1477     545
     691    1479     545
     688    1476     544
     687    1472     544
     690    1475     547
     693    1475     551
     689    1469     551
     694    1469     557
     692    1465     554
     692    1462     547
     693    1463     545
     692    1464     541
     687    1468     537
     691    1469     537
     696    1468     541
     698    1471     539
     698    1468     543
     701    1470     542
     704    1468     545
     704    1461     542
     703    1457     542
     704    1454     543
     706    1448     545
     706    1452     547
     707    1454     548
     709    1453     554
     702    1451     557
     704    1448     552
     703    1454     551
     704    1454     552
     704    1455     557
     705    1459     556
     707    1460     553
     701    1458     554
     702    1460     553
     697    1465     556
     695    1468     550
     694    1469     543
     697    1473     537
     695    1475     534
     694    1476     538
     688    1473     538
     695    1470     538
     689    1470     539
     692    1467     542
     694    1469     535
     691    1468     533
     692    1463     533
     691    1460     536
     693    1456     536
     693    1452     537
     694    1449     536
     688    1445     537
     692    1443     538
     688    1438     542
     686    1437     544
     687    1439     547
     688    1441     546
     690    1444     549
     694    1447     546
     692    1450     543
     690    1451     541
     686    1451     542
     687    1448     535
     683    1449     534
     677    1447     537
     684    1445     534
     684    1440     537
     682    1441     539
     681    1440     544
     680    1443     545
     684    1447     547
     687    1450     547
     692    1456     548
     688    1458     542
     691    1457     539
     692    1456     546
     692    1453     547
     689    1454     543
     686    1453     543
     692    1450     547
     691    1448     548
     693    1446     542
     690    1444     543
     686    1445     544
     682    1446     542
     676    1441     541
     674    1445     544
     675    1441     548
     671    1438     550
     673    1436     548
     676    1436     551
     678    1435     551
     680    1436     551
     683    1432     553
     688    1437     554
     683    1434     550
     681    1439     553
     681    1443     555
     682    1448     556
     682    1453     556
     683    1454     559
     680    1455     561
     678    1453     559
     678    1450     557
     681    1449     553
     682    1451     551
     684    1448     552
     686    1447     551
     688    1450     551
     688    1453     553
     687    1456     552
     688    1458     550
     681    1459     547
     678    1462     545
     679    1463     547
     678    1465     546
     676    1467     549
     682    1469     552
     684    1470     551
     680    1472     553
     681    1471     558
     678    1465     558
     677    1467     563
     677    1464     566
     677    1459     566
     677    1460     561
     674    1456     561
     673    1453     559
     672    1448     555
     669    1450     549
     666    1453     549
     672    1453     549
     674    1452     555
     673    1453     551
     671    1454     551
     667    1457     553
     668    1458     556
     668    1459     558
     668    1457     563
     669    1459     565
     675    1456     567
     679    1455     567
     683    1455     563
     688    1458     558
     690    1456     559
     688    1457     561
     686    1462     565
     686    1462     564
     686    1464     561
     682    1462     560
     683    1460     558
     682    1460     555
     680    1461     553
     677    1456     549
     676    1450     554
     676    1445     560
     676    1442     567
     675    1437     565
     671    1443     566
     671    1441     563
     669    1442     558
     669    1442     550
     668    1440     554
     665    1439     553
     667    1437     552
     663    1443     551
     664    1447     555
     663    1447     558
     664    1452     564
     665    1455     560
     664    1453     559
     661    1455     560
     659    1451     559
     663    1446     562
     660    1443     559
     664    1442     560
     662    1440     555
     664    1440     549
     668    1441     547
     670    1446     549
     668    1447     553
     664    1449     552
