    1662     150     843
    1665     149     836
    1665     146     829
    1668     144     822
    1668     143     815
    1669     146     808
    1669     146     800
    1667     153     803
    1664     149     801
    1659     146     797
    1657     145     796
    1655     149     794
    1651     150     793
    1652     151     789
    1654     144     786
    1658     138     787
    1664     142     784
    1659     136     783
    1655     142     780
    1659     143     781
    1658     145     780
    1663     146     780
    1666     146     780
    1668     149     776
    1663     153     775
    1660     151     776
    1661     154     778
    1658     161     780
    1659     165     779
    1656     167     782
    1650     171     780
    1649     170     785
    1644     169     785
    1647     165     789
    1647     161     792
    1649     154     795
    1651     148     799
    1654     142     798
    1649     143     800
    1655     141     804
    1651     138     802
    1657     142     799
    1655     139     797
    1653     146     800
    1656     149     802
    1660     155     804
    1659     158     801
    1656     159     802
    1652     155     799
    1649     155     795
    1654     159     796
    1658     163     795
    1659     163     797
    1662     163     794
    1664     170     794
    1667     166     793
    1669     161     794
    1666     162     787
    1669     160     785
    1669     153     782
    1664     153     776
    1657     153     774
    1650     151     773
    1644     147     775
    1646     150     774
    1650     154     772
    1650     158     771
    1651     163     772
    1651     161     776
    1653     164     778
    1651     163     782
    1647     163     784
    1645     161     780
    1642     160     778
    1642     155     782
    1642     152     784
    1645     148     790
    1649     148     788
    1652     145     786
    1652     147     785
    1655     151     787
    1655     153     789
    1657     156     785
    1656     162     790
    1654     160     785
    1655     159     786
    1655     154     786
    1658     154     787
    1660     153     791
    1663     150     792
    1662     151     792
    1662     152     790
    1663     158     786
    1665     162     781
    1669     163     780
    1668     158     778
    1667     157     774
    1666     161     772
    1666     165     772
    1663     166     775
    1663     168     771
    1658     167     776
    1656     164     769
    1656     160     772
    1658     160     770
    1654     158     767
    1656     159     767
    1654     166     765
    1658     167     764
    1662     162     768
    1660     156     769
    1663     155     769
    1663     151     766
    1661     150     765
    1668     147     766
    1668     146     765
    1668     152     760
    1667     156     757
    1664     160     758
    1661     159     755
    1658     157     754
    1659     151     754
    1656     154     757
    1656     149     759
    1655     152     756
    1660     152     750
    1662     154     751
    1666     148     753
    1663     144     752
    1660     144     755
    1657     147     761
    1655     145     760
    1655     148     762
    1654     144     764
    1652     141     767
    1652     139     769
    1650     139     769
    1650     145     771
    1650     148     772
    1656     143     773
    1659     144     774
    1661     142     777
    1663     145     775
    1663     144     772
    1663     142     770
    1664     136     766
    1659     135     760
    1653     135     755
    1652     134     757
    1645     134     754
    1641     138     751
    1635     139     753
    1631     139     755
    1631     143     753
    1631     147     756
    1633     144     751
    1634     145     747
    1634     152     748
    1629     151     742
    1632     154     747
    1636     156     753
    1636     155     756
    1642     152     759
    1640     149     759
    1637     148     761
    1642     147     757
    1643     143     758
    1643     144     755
    1646     142     756
    1647     142     750
    1652     144     746
    1652     147     747
    1655     150     742
    1658     152     745
    1653     154     748
    1653     154     746
    1652     161     745
    1649     163     745
    1653     159     741
    1648     156     746
    1647     156     747
    1644     155     742
    1645     158     742
    1648     160     748
    1646     157     749
    1643     159     748
    1637     154     747
    1637     147     749
    1637     144     756
    1640     140     762
    1638     139     764
    1638     139     759
    1633     144     761
    1637     146     766
    1635     146     761
    1638     149     756
    1641     145     762
    1639     147     764
    1643     152     763
    1640     154     763
    1642     158     764
    1644     161     761
    1647     164     761
    1646     171     760
    1646     173     766
    1646     176     759
    1645     177     754
    1642     175     756
    1642     174     758
    1638     171     759
    1643     167     757
    1642     164     760
    1640     165     764
    1638     167     763
    1642     170     769
    1640     172     771
    1635     178     770
    1642     175     770
    1645     178     765
    1641     179     765
    1639     179     760
    1635     177     760
    1634     172     760
    1636     167     759
    1641     161     760
    1636     160     766
    1638     159     766
    1635     160     761
    1636     162     759
    1637     163     764
    1636     165     764
    1640     165     759
    1640     167     756
    1644     168     758
    1644     171     759
    1639     172     763
    1639     177     763
    1639     184     761
    1633     182     762
    1634     182     755
    1633     187     755
    1636     186     753
    1635     183     750
    1637     182     750
    1637     181     750
    1642     179     746
    1641     173     746
    1640     178     749
    1635     177     751
    1632     175     751
    1630     172     752
    1628     169     752
    1626     168     751
    1623     168     751
    1621     169     754
    1622     170     758
    1627     171     761
    1630     170     758
    1632     171     757
    1635     170     755
    1635     167     755
    1632     165     756
    1631     163     756
    1633     161     755
    1628     160     759
    1624     158     763
    1623     157     762
    1624     153     762
    1620     155     759
    1624     151     756
    1624     151     754
    1621     150     752
    1620     154     750
    1618     161     750
    1617     160     745
    1616     165     743
    1621     169     744
    1620     167     748
    1622     173     749
    1623     176     751
    1624     180     755
    1623     180     759
    1619     181     759
    1618     174     759
    1622     175     755
    1620     175     757
    1617     177     757
    1615     179     754
    1616     178     751
    1615     176     749
    1619     176     744
    1616     175     744
    1619     171     743
    1624     170     743
    1627     167     746
    1629     162     749
    1631     161     749
    1629     164     746
    1624     160     743
    1627     161     743
    1624     159     746
    1624     164     747
    1624     163     751
    1624     162     754
    1622     161     756
    1623     164     762
    1621     169     764
    1624     172     769
    1623     179     771
    1621     176     773
    1618     181     769
    1621     183     765
    1625     186     762
    1628     185     757
    1628     188     756
    1629     190     753
    1630     189     751
    1624     189     755
    1623     186     752
    1622     187     750
    1619     185     746
    1622     181     746
    1616     183     750
    1616     184     745
    1623     184     743
    1622     189     746
    1620     191     753
    1621     192     754
    1624     192     758
    1629     192     758
    1631     188     759
    1626     182     760
    1624     183     754
    1622     183     752
