0        1256.2 1244.6 774.8
1        1253 1246 772
2        1250 1248 774
3        1247 1250 773
4        1249 1254 773
5        1249 1256 771
6        1247 1255 771
7        1248 1256 770
8        1250 1257 769
9        1252 1260 768
10        1256.4 1255 771.4
11        1254 1253 770
12        1254 1251 771
13        1251 1252 765
14        1258 1250 764
15        1258 1248 766
16        1260 1248 766
17        1262 1249 765
18        1260 1253 765
19        1263 1251 764
20        1258.6 1254.4 763
21        1262 1255 762
22        1259 1259 756
23        1258 1255 754
24        1257 1256 755
25        1259 1254 755
26        1261 1253 756
27        1259 1257 753
28        1262 1254 753
29        1263 1257 754
30        1258 1259 755.6
31        1262 1259 753
32        1258 1261 755
33        1261 1266 757
34        1264 1265 759
35        1262 1268 759
36        1268 1270 757
37        1265 1267 756
38        1266 1269 754
39        1269 1268 748
40        1264.6 1265.2 745.8
41        1264 1269 746
42        1258 1269 745
43        1258 1273 741
44        1254 1272 745
45        1254 1273 746
46        1256 1274 747
47        1253 1273 752
48        1248 1275 751
49        1254 1274 755
50        1260.2 1277.6 753.4
51        1259 1277 755
52        1261 1273 757
53        1261 1274 755
54        1263 1278 757
55        1259 1274 753
56        1259 1273 756
57        1254 1272 753
58        1254 1272 754
59        1256 1273 752
60        1256 1276.2 759.2
61        1251 1281 757
62        1249 1281 757
63        1253 1283 759
64        1249 1286 762
65        1247 1282 759
66        1247 1281 756
67        1246 1281 756
68        1251 1282 751
69        1250 1283 752
70        1250.2 1284.4 759.6
71        1250 1287 759
72        1247 1286 757
73        1247 1289 754
74        1247 1290 757
75        1248 1284 754
76        1242 1283 755
77        1244 1288 750
78        1246 1291 750
79        1244 1293 751
80        1243.2 1292.4 756
81        1242 1296 756
82        1243 1295 753
83        1242 1291 747
84        1238 1291 750
85        1237 1290 746
86        1235 1292 743
87        1242 1295 744
88        1239 1296 748
89        1238 1295 748
90        1234 1288.6 750.4
91        1233 1285 755
92        1237 1280 752
93        1235 1280 759
94        1234 1282 754
95        1232 1286 755
96        1236 1291 759
97        1231 1291 755
98        1233 1293 749
99        1230 1293 751
100        1227.6 1287.2 751
101        1223 1284 750
102        1228 1282 751
103        1227 1285 747
104        1221 1284 750
105        1225 1280 748
106        1224 1277 753
107        1222 1279 751
108        1221 1281 751
109        1223 1283 750
110        1227 1281.4 744.8
111        1224 1278 741
112        1222 1278 746
113        1222 1275 744
114        1216 1275 745
115        1217 1278 741
116        1222 1276 744
117        1222 1277 742
118        1221 1281 741
119        1226 1278 737
120        1224 1272.2 736.8
121        1225 1272 739
122        1222 1269 740
123        1225 1271 742
124        1226 1274 743
125        1227 1274 743
126        1230 1278 744
127        1236 1279 743
128        1231 1280 741
129        1229 1276 746
130        1231.4 1270.6 743.2
131        1235 1267 740
132        1231 1268 737
133        1230 1265 737
134        1232 1267 737
135        1230 1267 736
136        1234 1267 734
137        1233 1270 734
138        1232 1266 735
139        1235 1268 736
140        1234.8 1262.2 736.6
141        1235 1258 736
142        1234 1256 735
143        1232 1253 735
144        1233 1253 733
145        1236 1252 732
146        1234 1253 727
147        1232 1252 730
148        1228 1251 728
149        1230 1251 730
150        1233.4 1256.6 728.4
151        1230 1256 726
152        1228 1254 729
153        1227 1256 729
154        1230 1255 725
155        1232 1254 725
156        1234 1256 727
157        1233 1258 723
158        1237 1258 724
159        1237 1260 724
160        1231.8 1265.8 722.6
161        1232 1266 720
162        1233 1264 718
163        1232 1268 717
164        1233 1267 716
165        1233 1269 715
166        1229 1269 716
167        1230 1270 716
168        1228 1267 716
169        1227 1268 714
170        1225 1268.4 715.4
171        1230 1267 720
172        1230 1269 719
173        1225 1271 721
174        1228 1269 720
175        1229 1274 719
176        1228 1272 725
177        1230 1271 721
178        1230 1269 719
179        1230 1271 721
180        1231 1267.4 719
181        1230 1268 718
182        1231 1268 719
183        1234 1261 719
184        1234 1268 717
185        1236 1271 724
186        1239 1267 725
187        1238 1268 727
188        1236 1271 728
189        1238 1272 725
190        1232.6 1269.6 720.6
191        1235 1273 727
192        1237 1275 728
193        1235 1275 726
194        1233 1273 727
195        1234 1272 729
196        1237 1271 728
197        1239 1272 727
198        1237 1276 730
199        1238 1275 730
200        1242.8 1269.6 729.6
201        1244 1267 727
202        1243 1266 727
203        1243 1265 726
204        1243 1266 728
205        1241 1263 730
206        1244 1261 730
207        1244 1259 735
208        1245 1257 732
209        1240 1258 729
210        1239.8 1262.6 731
211        1247 1262 732
212        1242 1261 737
213        1240 1265 734
214        1239 1266 734
215        1239 1272 730
216        1236 1267 731
217        1233 1264 734
218        1233 1267 736
219        1232 1265 737
220        1236.4 1270.6 739
221        1237 1271 738
222        1238 1266 738
223        1243 1268 740
224        1244 1269 741
225        1246 1273 739
226        1247 1271 742
227        1248 1269 737
228        1248 1267 734
229        1249 1269 736
230        1244.2 1268.6 733
231        1246 1270 735
232        1248 1271 731
233        1249 1270 729
234        1244 1270 727
235        1241 1272 728
236        1244 1274 729
237        1245 1272 730
238        1248 1271 736
239        1248 1277 733
240        1252.2 1273.6 731.4
241        1248 1276 728
242        1251 1277 726
243        1250 1281 732
244        1251 1285 726
245        1255 1283 730
246        1258 1289 726
247        1259 1286 724
248        1257 1284 725
249        1256 1284 723
250        1256.2 1278.2 722.4
251        1256 1277 720
252        1255 1278 719
253        1255 1280 720
254        1252 1280 720
255        1252 1282 721
256        1253 1282 717
257        1257 1279 715
258        1256 1280 712
259        1258 1281 717
260        1253.8 1281.8 713
261        1250 1282 713
262        1253 1284 713
263        1250 1285 713
264        1249 1286 712
265        1254 1286 712
266        1252 1288 708
267        1252 1289 713
268        1249 1288 712
269        1248 1284 708
270        1252.6 1280.6 706.6
271        1252 1279 705
272        1254 1280 705
273        1254 1283 701
274        1250 1280 702
275        1250 1281 702
276        1250 1285 703
277        1252 1284 706
278        1249 1286 704
279        1254 1283 700
280        1249 1280.4 696.2
281        1248 1281 700
282        1248 1284 697
283        1249 1287 696
284        1247 1288 696
285        1243 1289 699
286        1244 1288 699
287        1241 1289 701
288        1239 1286 700
289        1242 1288 699
290        1243 1286.6 697.4
291        1239 1288 698
292        1235 1289 697
293        1239 1291 703
294        1234 1291 703
295        1238 1292 707
296        1238 1287 701
297        1241 1290 704
298        1242 1288 706
299        1243 1285 711
300        1241.8 1292.2 708.8
301        1241 1294 706
302        1237 1296 707
303        1239 1293 709
304        1241 1293 709
305        1241 1295 711
306        1244 1294 712
307        1238 1292 711
308        1237 1291 712
309        1238 1290 713
310        1235.8 1294.2 709.2
311        1232 1290 708
312        1232 1289 710
313        1233 1287 712
314        1235 1283 713
315        1231 1286 707
316        1234 1291 711
317        1236 1290 711
318        1238 1291 707
319        1239 1286 709
320        1236.8 1288.6 710.4
321        1235 1288 712
322        1235 1290 715
323        1239 1284 718
324        1238 1284 718
325        1237 1282 720
326        1236 1282 719
327        1233 1285 717
328        1233 1289 715
329        1232 1289 717
330        1230.2 1281.4 717.2
331        1236 1280 719
332        1235 1279 719
333        1240 1279 719
334        1240 1280 719
335        1239 1282 722
336        1239 1278 723
337        1243 1281 723
338        1240 1275 720
339        1237 1277 725
340        1240.6 1275.8 718
341        1242 1274 715
342        1241 1275 715
343        1245 1271 719
344        1243 1273 717
345        1247 1272 717
346        1250 1270 718
347        1248 1271 717
348        1249 1268 713
349        1244 1270 712
350        1244.2 1273.2 716.2
351        1248 1271 713
352        1246 1272 713
353        1251 1273 710
354        1254 1270 709
355        1250 1274 708
356        1252 1267 710
357        1252 1268 710
358        1256 1268 711
359        1256 1270 714
360        1252.4 1268.2 715.2
361        1251 1269 718
362        1251 1269 719
363        1252 1270 716
364        1247 1270 718
365        1252 1274 718
366        1251 1276 715
367        1245 1274 716
368        1247 1274 718
369        1248 1275 719
370        1243.2 1273.2 714
371        1245 1271 713
372        1244 1272 709
373        1243 1272 709
374        1240 1269 712
375        1242 1270 711
376        1240 1268 708
377        1241 1269 706
378        1240 1269 707
379        1238 1273 706
380        1243.4 1268.2 705.8
381        1243 1266 708
382        1242 1268 708
383        1241 1267 705
384        1241 1267 705
385        1242 1269 698
386        1238 1269 704
387        1237 1267 703
388        1236 1267 701
389        1234 1264 702
390        1237 1264.8 708
391        1234 1263 715
392        1235 1258 714
393        1237 1262 719
394        1239 1262 716
395        1234 1262 718
396        1237 1262 719
397        1236 1260 716
398        1235 1262 717
399        1234 1257 717
400        1239.6 1254.6 714.8
401        1240 1256 714
402        1244 1257 712
403        1245 1258 711
404        1246 1258 714
405        1245 1260 712
406        1247 1263 710
407        1247 1260 713
408        1252 1259 716
409        1246 1259 718
410        1245.6 1256 720.8
411        1247 1257 718
412        1249 1258 717
413        1244 1258 719
414        1247 1262 718
415        1241 1261 717
416        1239 1260 713
417        1239 1260 712
418        1239 1257 709
419        1237 1256 709
420        1240.8 1253 715.2
421        1241 1252 712
422        1239 1248 713
423        1238 1254 711
424        1241 1255 712
425        1242 1248 710
426        1235 1251 709
427        1234 1253 706
428        1236 1256 707
429        1236 1258 707
430        1234.6 1255.6 707.4
431        1235 1258 712
432        1232 1257 710
433        1231 1258 709
434        1228 1258 707
435        1228 1259 709
436        1230 1260 707
437        1229 1265 706
438        1227 1264 710
439        1228 1263 710
440        1232.4 1268 711.2
441        1233 1269 708
442        1235 1269 708
443        1236 1268 705
444        1230 1268 705
445        1235 1267 706
446        1234 1268 706
447        1230 1262 704
448        1232 1265 700
449        1234 1268 702
450        1240.6 1264.8 700.2
451        1243 1262 701
452        1241 1262 702
453        1244 1261 705
454        1247 1265 699
455        1245 1264 697
456        1248 1268 695
457        1246 1263 700
458        1248 1263 700
459        1248 1262 696
460        1241.6 1258.8 697
461        1246 1255 696
462        1246 1261 692
463        1241 1255 693
464        1240 1253 693
465        1241 1257 693
466        1238 1253 696
467        1237 1251 697
468        1239 1254 695
469        1241 1252 698
470        1246.6 1252.6 697
471        1253 1253 701
472        1251 1251 694
473        1253 1250 694
474        1250 1247 693
475        1252 1245 692
476        1251 1250 688
477        1253 1245 690
478        1248 1243 691
479        1245 1244 695
480        1250.2 1244.2 695.4
481        1246 1243 702
482        1245 1243 703
483        1246 1241 702
484        1246 1240 700
485        1248 1242 701
486        1249 1239 694
487        1249 1237 692
488        1247 1238 693
489        1247 1233 695
490        1250.4 1234.8 702
491        1251 1233 703
492        1254 1235 704
493        1252 1235 704
494        1258 1239 702
495        1258 1236 704
496        1259 1236 706
497        1256 1231 701
498        1258 1231 707
499        1259 1231 705
500        1257.8 1230.2 712.4
501        1251 1228 709
502        1247 1226 710
503        1247 1231 713
504        1242 1234 711
505        1242 1236 715
506        1244 1234 716
507        1245 1232 715
508        1241 1233 714
509        1243 1231 714
510        1249.2 1230 717.8
511        1250 1226 722
512        1249 1229 722
513        1248 1227 722
514        1243 1225 724
515        1243 1225 720
516        1244 1224 726
517        1241 1227 723
518        1240 1230 724
519        1240 1231 726
520        1243.6 1235.8 726
521        1245 1238 727
522        1242 1238 727
523        1239 1234 732
524        1242 1233 729
525        1247 1231 726
526        1245 1232 733
527        1244 1238 731
528        1244 1232 736
529        1248 1234 739
530        1250 1240.4 735.4
531        1248 1240 737
532        1252 1239 738
533        1253 1243 736
534        1248 1244 736
535        1245 1244 736
536        1249 1242 735
537        1253 1243 735
538        1252 1240 737
539        1255 1236 735
540        1250.8 1236.6 740.8
541        1246 1237 746
542        1245 1239 747
543        1246 1239 749
544        1245 1240 749
545        1246 1241 751
546        1249 1240 751
547        1249 1244 748
548        1249 1245 746
549        1250 1250 746
550        1246.6 1244.6 750
551        1244 1245 749
552        1243 1249 750
553        1240 1251 750
554        1240 1253 744
555        1238 1252 746
556        1243 1254 750
557        1243 1252 753
558        1241 1250 754
559        1238 1252 752
560        1241.6 1250.4 753.8
561        1235 1250 752
562        1237 1253 757
563        1238 1253 760
564        1235 1251 759
565        1237 1248 761
566        1235 1247 764
567        1236 1247 763
568        1238 1248 764
569        1239 1245 764
570        1239 1251.8 763.2
571        1236 1254 764
572        1235 1256 769
573        1234 1256 769
574        1232 1259 770
575        1230 1253 772
576        1231 1255 774
577        1232 1259 774
578        1231 1259 772
579        1234 1259 772
580        1230.8 1256.6 769.8
581        1227 1259 769
582        1227 1257 764
583        1230 1259 764
584        1227 1260 763
585        1227 1259 762
586        1224 1258 763
587        1226 1257 767
588        1224 1262 765
589        1228 1261 770
590        1223.2 1266 769
591        1225 1270 773
592        1227 1268 770
593        1222 1271 775
594        1227 1272 771
595        1222 1272 768
596        1224 1272 768
597        1222 1274 770
598        1222 1271 771
599        1218 1270 769
600        1222.6 1273.4 766.8
601        1223 1275 766
602        1220 1275 763
603        1221 1272 760
604        1215 1273 762
605        1217 1275 761
606        1211 1274 766
607        1212 1276 766
608        1211 1278 765
609        1212 1280 762
610        1214.6 1280.2 762
611        1216 1279 759
612        1217 1284 761
613        1219 1286 763
614        1220 1285 761
615        1218 1284 756
616        1216 1285 759
617        1213 1283 755
618        1212 1286 754
619        1215 1286 758
620        1212 1285.6 763
621        1209 1286 763
622        1209 1292 764
623        1211 1293 764
624        1210 1299 765
625        1208 1298 762
626        1210 1299 762
627        1210 1299 758
628        1213 1297 760
629        1216 1297 758
630        1208.8 1295.8 757
631        1210 1298 756
632        1209 1294 752
633        1208 1293 751
634        1209 1290 748
635        1209 1291 751
636        1210 1290 750
637        1207 1288 748
638        1209 1289 748
639        1206 1290 747
640        1206.4 1297 746.6
641        1208 1299 751
642        1212 1300 746
643        1216 1304 747
644        1216 1299 746
645        1212 1299 744
646        1216 1297 743
647        1212 1295 746
648        1212 1292 747
649        1214 1291 745
650        1215.4 1296.8 740.4
651        1220 1294 739
652        1215 1297 739
653        1214 1294 739
654        1212 1293 737
655        1215 1295 738
656        1219 1291 737
657        1220 1290 738
658        1221 1293 740
659        1219 1294 739
660        1215.4 1290.8 734.2
661        1216 1288 735
662        1219 1288 740
663        1216 1284 735
664        1220 1286 733
665        1217 1285 734
666        1214 1285 733
667        1215 1283 730
668        1212 1285 728
669        1214 1284 730
670        1220.2 1282.6 733.6
671        1216 1283 731
672        1215 1277 730
673        1215 1280 734
674        1216 1276 732
675        1215 1273 733
676        1219 1272 732
677        1217 1276 733
678        1219 1271 735
679        1223 1272 730
680        1224.6 1273.6 731.4
681        1224 1278 730
682        1227 1278 733
683        1225 1280 732
684        1221 1278 732
685        1222 1278 732
686        1221 1282 729
687        1224 1284 731
688        1225 1283 732
689        1226 1281 730
690        1224 1278.2 729.4
691        1225 1280 731
692        1227 1280 735
693        1225 1278 734
694        1230 1279 734
695        1229 1280 732
696        1233 1280 734
697        1235 1279 734
698        1231 1278 735
699        1231 1278 738
700        1233.4 1282.8 732.8
701        1236 1285 733
702        1235 1288 731
703        1236 1287 734
704        1238 1286 734
705        1242 1285 734
706        1240 1288 731
707        1238 1290 728
708        1241 1287 729
709        1242 1286 731
710        1236.6 1286 727.8
711        1241 1284 723
712        1244 1285 723
713        1243 1288 725
714        1244 1284 723
715        1242 1286 720
716        1245 1286 721
717        1248 1288 720
718        1245 1288 721
719        1244 1286 724
720        1244.2 1292.4 725.8
721        1245 1294 723
722        1244 1293 721
723        1244 1295 722
724        1240 1296 727
725        1242 1298 725
726        1238 1296 723
727        1238 1297 722
728        1240 1298 723
729        1243 1296 721
730        1239.8 1294.6 722.4
731        1238 1295 721
732        1238 1297 720
733        1236 1295 720
734        1236 1294 718
735        1233 1294 719
736        1234 1297 723
737        1231 1297 724
738        1229 1294 726
739        1231 1295 730
740        1235.4 1298.2 724.8
741        1231 1297 724
742        1230 1297 728
743        1227 1296 727
744        1228 1297 731
745        1226 1301 731
746        1225 1301 732
747        1223 1302 731
748        1221 1302 730
749        1219 1300 729
750        1221 1296.6 724.8
751        1224 1293 723
752        1226 1292 723
753        1227 1290 722
754        1227 1294 722
755        1225 1297 725
756        1225 1297 727
757        1226 1291 726
758        1222 1293 726
759        1221 1292 724
760        1226.2 1287.4 720.8
761        1226 1284 720
762        1228 1282 718
763        1227 1286 722
764        1226 1281 718
765        1224 1281 715
766        1224 1280 718
767        1225 1281 719
768        1225 1282 720
769        1225 1284 724
770        1221.8 1281 719.4
771        1220 1275 717
772        1222 1279 719
773        1220 1280 722
774        1218 1283 722
775        1224 1281 720
776        1225 1280 722
777        1225 1280 719
778        1228 1279 721
779        1232 1280 723
780        1226.4 1274.4 723.6
781        1226 1270 722
782        1225 1269 728
783        1224 1269 729
784        1223 1270 726
785        1223 1271 730
786        1220 1271 726
787        1220 1273 724
788        1224 1269 723
789        1220 1271 723
790        1217 1271.8 723.2
791        1217 1272 724
792        1214 1269 724
793        1217 1269 727
794        1217 1270 729
795        1216 1267 733
796        1211 1263 731
797        1215 1266 725
798        1213 1266 723
799        1211 1265 722
800        1211 1262.6 723.4
801        1209 1263 723
802        1207 1263 720
803        1209 1264 723
804        1208 1264 726
805        1210 1263 725
806        1208 1263 726
807        1205 1264 729
808        1205 1267 732
809        1204 1274 730
810        1203 1269.8 724.6
811        1208 1274 725
812        1209 1274 729
813        1205 1271 729
814        1203 1273 728
815        1203 1271 727
816        1206 1273 725
817        1204 1274 724
818        1204 1275 724
819        1205 1277 726
820        1204 1274.6 725.2
821        1203 1275 731
822        1202 1281 731
823        1203 1280 732
824        1205 1279 733
825        1203 1276 732
826        1203 1273 729
827        1201 1277 731
828        1203 1280 735
829        1203 1277 739
830        1202.6 1281.2 736.6
831        1203 1279 733
832        1206 1277 732
833        1208 1277 732
834        1206 1275 728
835        1207 1274 728
836        1213 1275 730
837        1213 1278 731
838        1213 1273 732
839        1210 1274 734
840        1206 1275.6 729.2
841        1203 1276 727
842        1201 1278 728
843        1204 1276 725
844        1202 1276 722
845        1197 1277 717
846        1204 1276 720
847        1203 1275 720
848        1202 1271 722
849        1202 1269 721
850        1202.4 1273.2 717.8
851        1201 1276 716
852        1203 1276 717
853        1204 1273 717
854        1205 1275 717
855        1207 1276 717
856        1205 1276 719
857        1209 1280 719
858        1210 1278 714
859        1210 1280 718
860        1206 1278 711.6
861        1204 1279 709
862        1207 1275 710
863        1204 1275 711
864        1208 1274 712
865        1207 1275 709
866        1209 1276 707
867        1210 1274 705
868        1209 1274 706
869        1209 1275 704
870        1206.2 1276.6 705.6
871        1206 1277 704
872        1205 1280 704
873        1207 1281 703
874        1206 1283 705
875        1205 1283 704
876        1208 1285 703
877        1207 1280 705
878        1211 1285 709
879        1207 1283 706
880        1208.4 1283.6 707.2
881        1207 1283 708
882        1204 1289 707
883        1203 1287 706
884        1204 1287 711
885        1202 1288 710
886        1207 1292 714
887        1203 1294 715
888        1203 1291 720
889        1204 1290 721
890        1207.2 1285.2 717.6
891        1205 1287 718
892        1208 1289 719
893        1209 1289 720
894        1207 1287 720
895        1209 1289 725
896        1213 1289 723
897        1212 1290 718
898        1211 1296 719
899        1209 1291 723
900        1203 1291 722
901        1203 1289 725
902        1201 1290 723
903        1203 1290 721
904        1205 1288 720
905        1203 1288 724
906        1202 1288 721
907        1201 1288 723
908        1199.87 1288.27 723.733
909        1199 1292 725
910        1203.6 1288.8 721.2
911        1202 1286 720
912        1202 1283 718
913        1200 1290 718
914        1203 1287 717
915        1200 1289 712
916        1195 1291 715
917        1201 1292 712
918        1200 1296 709
919        1203 1295 713
920        1205.2 1288.4 714.8
921        1211 1286 711
922        1211 1284 712
923        1215 1286 711
924        1214 1285 710
925        1214 1284 709
926        1213 1287 709
927        1217 1283 709
928        1213 1282 712
929        1213 1281 711
930        1209.6 1276 708.2
931        1210 1283 710
932        1213 1281 710
933        1210 1279 711
934        1210 1274 707
935        1216 1274 710
936        1217 1271 711
937        1218 1275 713
938        1220 1274 710
939        1220 1274 708
940        1217.8 1275.4 705.4
941        1217 1272 705
942        1219 1273 703
943        1218 1271 700
944        1221 1275 700
945        1223 1270 702
946        1223 1272 705
947        1218 1273 706
948        1220 1270 708
949        1219 1271 703
950        1225.2 1272 700.8
951        1224 1272 697
952        1228 1268 701
953        1231 1267 701
954        1230 1268 700
955        1231 1267 697
956        1233 1266 697
957        1233 1262 699
958        1233 1261 698
959        1232 1262 701
960        1228.2 1264.6 696.2
961        1226 1261 697
962        1223 1263 698
963        1223 1265 696
964        1223 1266 695
965        1223 1262 694
966        1224 1262 692
967        1219 1263 693
968        1222 1265 691
969        1217 1268 694
970        1217.8 1265.6 698.8
971        1219 1266 699
972        1219 1267 702
973        1218 1268 703
974        1214 1265 703
975        1216 1263 703
976        1210 1266 703
977        1215 1265 704
978        1213 1263 705
979        1210 1264 703
980        1212.4 1266 705.4
981        1218 1271 704
982        1216 1270 704
983        1215 1272 705
984        1213 1271 704
985        1215 1271 706
986        1215 1271 710
987        1215 1268 711
988        1215 1265 710
989        1211 1268 709
990        1218.2 1269.4 711.4
991        1219 1274 711
992        1217 1274 713
993        1221 1269 715
994        1216 1273 716
995        1219 1272 715
996        1217 1273 712
997        1217 1273 716
998        1217 1274 717
999        1214 1273 712
1000        1217 1274.4 716.6
1001        1218 1277 720
1002        1216 1282 725
1003        1217 1281 719
1004        1221 1281 719
1005        1218 1283 721
1006        1216 1285 721
1007        1218 1285 723
1008        1215 1283 724
1009        1214 1286 726
1010        1215 1286 718.6
1011        1220 1285 719
1012        1218 1286 718
1013        1217 1292 717
1014        1217 1292 714
1015        1217 1292 716
1016        1218 1292 715
1017        1221 1293 712
1018        1219 1294 709
1019        1219 1292 713
1020        1220.6 1295.4 716.4
1021        1225 1297 714
1022        1220 1298 719
1023        1224 1300 718
1024        1225 1301 715
1025        1221 1300 716
1026        1221 1304 716
1027        1219 1304 716
1028        1217 1304 713
1029        1219 1307 711
1030        1219.4 1301.6 709.4
1031        1223 1301 713
1032        1228 1303 711
1033        1231 1303 711
1034        1228 1302 709
1035        1232 1303 704
1036        1233 1304 708
1037        1228 1306 705
1038        1228 1309 700
1039        1227 1302 702
1040        1224 1302 702
1041        1222 1301 701
1042        1223 1299 701
1043        1222 1299 702
1044        1221 1299 701
1045        1222 1300 698
1046        1222 1300 696
1047        1222 1296 695
1048        1220 1298 702
1049        1220 1294 699
1050        1226.6 1294.8 696.2
1051        1227 1298 695
1052        1227 1295 701
1053        1229 1294 698
1054        1231 1295 700
1055        1231 1291 698
1056        1230 1292 697
1057        1227 1290 701
1058        1225 1292 702
1059        1225 1291 704
1060        1222.8 1288.6 699.8
1061        1223 1284 701
1062        1223 1282 700
1063        1225 1280 700
1064        1223 1281 699
1065        1221 1283 702
1066        1221 1281 702
1067        1219 1286 701
1068        1217 1288 697
1069        1220 1286 698
1070        1221.4 1280.2 697.4
1071        1220 1276 698
1072        1222 1277 697
1073        1224 1279 694
1074        1225 1282 695
1075        1226 1282 695
1076        1224 1280 698
1077        1224 1281 696
1078        1222 1283 694
1079        1222 1284 694
1080        1222.8 1282.2 689
1081        1223 1280 688
1082        1222 1280 684
1083        1223 1283 684
1084        1225 1284 683
1085        1230 1288 684
1086        1231 1282 680
1087        1230 1281 685
1088        1229 1281 689
1089        1232 1278 690
1090        1229.2 1278.8 686.4
1091        1232 1282 687
1092        1231 1280 686
1093        1235 1278 689
1094        1235 1281 691
1095        1239 1279 690
1096        1244 1282 693
1097        1238 1282 692
1098        1238 1281 688
1099        1241 1279 688
1100        1234.8 1277.6 691.8
1101        1237 1273 694
1102        1233 1277 691
1103        1236 1271 692
1104        1234 1271 692
1105        1232 1271 688
1106        1230 1272 689
1107        1231 1270 686
1108        1232 1270 687
1109        1226 1272 691
1110        1229.8 1267.4 694
1111        1231 1269 697
1112        1230 1272 699
1113        1232 1269 695
1114        1232 1268 695
1115        1233 1273 697
1116        1235 1272 693
1117        1235 1276 696
1118        1238 1279 692
1119        1235 1278 695
1120        1229 1278.6 700
1121        1231 1276 699
1122        1232 1279 697
1123        1236 1276 699
1124        1235 1277 703
1125        1233 1279 703
1126        1236 1279 705
1127        1243 1276 703
1128        1241 1273 706
1129        1241 1272 705
1130        1241.4 1278.2 702
1131        1238 1283 698
1132        1244 1283 700
1133        1242 1284 699
1134        1241 1285 702
1135        1245 1290 706
1136        1243 1284 703
1137        1244 1280 699
1138        1245 1286 698
1139        1244 1285 703
1140        1241.8 1284.8 702.6
1141        1239 1279 704
1142        1239 1279 705
1143        1238 1278 707
1144        1233 1279 708
1145        1234 1280 706
1146        1236 1279 704
1147        1240 1283 701
1148        1239 1283 705
1149        1239 1282 706
1150        1236.2 1279.8 709
1151        1236 1279 710
1152        1236 1281 709
1153        1235 1280 707
1154        1231 1280 711
1155        1228 1280 708
1156        1229 1280 710
1157        1227 1280 711
1158        1230 1284 715
1159        1229 1280 712
1160        1230.4 1286 709.2
1161        1233 1284 716
1162        1231 1281 714
1163        1233 1288 714
1164        1228 1284 714
1165        1231 1286 720
1166        1227 1282 716
1167        1230 1279 714
1168        1227 1279 713
1169        1227 1277 713
1170        1226 1281 710.8
1171        1224 1282 709
1172        1222 1289 708
1173        1224 1289 709
1174        1227 1289 709
1175        1227 1291 707
1176        1229 1291 705
1177        1228 1292 708
1178        1226 1291 707
1179        1225 1288 705
1180        1220.4 1288.4 704.4
1181        1219 1287 700
1182        1217 1290 701
1183        1216 1286 705
1184        1219 1286 700
1185        1217 1284 700
1186        1215 1283 698
1187        1212 1283 693
1188        1211 1282 694
1189        1217 1277 694
1190        1219 1283.6 696.6
1191        1218 1282 695
1192        1217 1288 698
1193        1217 1286 697
1194        1216 1289 698
1195        1216 1287 700
1196        1211 1290 700
1197        1210 1284 696
1198        1210 1284 699
1199        1209 1286 700
1200        1208.8 1285.8 692.6
1201        1211 1283 692
1202        1211 1279 695
1203        1209 1280 692
1204        1209 1279 692
1205        1211 1282 687
1206        1209 1284 691
1207        1208 1281 689
1208        1208 1282 688
1209        1207 1279 685
1210        1209.4 1275.4 689
1211        1210 1278 690
1212        1208 1279 691
1213        1208 1278 691
1214        1208 1278 694
1215        1210 1276 689
1216        1205 1275 693
1217        1203 1276 693
1218        1198 1274 692
1219        1200 1276 695
1220        1206 1282.8 693.6
1221        1205 1285 695
1222        1206 1287 697
1223        1202 1289 691
1224        1199 1291 695
1225        1201 1289 693
1226        1198 1288 694
1227        1199 1286 694
1228        1200 1288 695
1229        1199 1286 697
1230        1196.6 1281.6 698.2
1231        1196 1279 699
1232        1194 1279 701
1233        1195 1278 699
1234        1191 1279 694
1235        1193 1278 695
1236        1193 1278 694
1237        1194 1277 695
1238        1197 1276 695
1239        1198 1274 696
1240        1193.4 1274.2 694.8
1241        1198 1272 696
1242        1200 1273 695
1243        1202 1271 699
1244        1201 1274 695
1245        1205 1275 699
1246        1203 1276 699
1247        1201 1274 696
1248        1201 1276 698
1249        1204 1275 696
1250        1202.6 1269.2 695.8
1251        1204 1269 689
1252        1207 1266 689
1253        1204 1268 687
1254        1207 1270 685
1255        1206 1266 688
1256        1208 1263 688
1257        1211 1264 688
1258        1210 1268 688
1259        1212 1265 685
1260        1212 1268.4 691.2
1261        1212 1272 686
1262        1215 1268 686
1263        1218 1270 686
1264        1219 1269 685
1265        1221 1267 683
1266        1222 1269 681
1267        1225 1265 684
1268        1222 1264 683
1269        1224 1262 683
1270        1217.6 1261.2 683.4
1271        1215 1261 684
1272        1214 1260 683
1273        1212 1255 682
1274        1217 1257 681
1275        1216 1258 683
1276        1217 1254 683
1277        1219 1257 684
1278        1221 1254 684
1279        1220 1252 681
1280        1216.4 1254.2 677.2
1281        1218 1252 681
1282        1214 1250 676
1283        1212 1252 677
1284        1213 1254 678
1285        1210 1255 676
1286        1209 1258 681
1287        1211 1259 677
1288        1210 1255 679
1289        1207 1253 680
1290        1206.8 1253.8 681.6
1291        1211 1249 685
1292        1214 1245 687
1293        1212 1248 688
1294        1215 1251 688
1295        1217 1251 688
1296        1217 1249 687
1297        1219 1249 691
1298        1219 1248 691
1299        1220 1247 689
1300        1216.4 1244.4 685.2
1301        1213 1243 684
1302        1214 1241 682
1303        1213 1242 686
1304        1216 1242 689
1305        1214 1241 689
1306        1216 1241 687
1307        1217 1243 690
1308        1219 1243 687
1309        1216 1247 690
1310        1215.8 1239.6 690.2
1311        1218 1239 693
1312        1217 1239 691
1313        1214 1239 698
1314        1214 1239 705
1315        1218 1238 703
1316        1218 1238 700
1317        1223 1242 697
1318        1219 1241 702
1319        1223 1238 706
1320        1221.4 1238.2 700.6
1321        1219 1233 701
1322        1222 1237 696
1323        1222 1239 697
1324        1220 1241 698
1325        1217 1236 697
1326        1222 1241 694
1327        1223 1242 694
1328        1221 1242 694
1329        1222 1243 693
1330        1215.2 1238.8 692.8
1331        1210 1238 698
1332        1211 1236 696
1333        1209 1235 698
1334        1210 1236 694
1335        1210 1231 694
1336        1207 1234 692
1337        1205 1237 694
1338        1206 1235 695
1339        1201 1239 695
1340        1204.8 1238.4 692.4
1341        1204 1243 691
1342        1203 1243 691
1343        1205 1243 693
1344        1203 1243 689
1345        1208 1243 687
1346        1204 1243 684
1347        1201 1242 686
1348        1205 1244 685
1349        1204 1243 684
1350        1202 1243.6 689.2
1351        1202 1245 689
1352        1201 1247 689
1353        1204 1247 690
1354        1206 1247 692
1355        1205 1246 688
1356        1207 1248 690
1357        1213 1251 690
1358        1209 1249 694
1359        1208 1247 695
1360        1205 1250.8 689.4
1361        1210 1252 691
1362        1212 1253 692
1363        1210 1252 691
1364        1213 1257 688
1365        1214 1256 690
1366        1215 1259 689
1367        1215 1260 690
1368        1214 1261 690
1369        1216 1261 689
1370        1214.2 1257.6 688.8
1371        1213 1257 686
1372        1214 1262 685
1373        1215 1261 689
1374        1217 1265 693
1375        1211 1262 691
1376        1213 1257 691
1377        1210 1258 689
1378        1215 1258 692
1379        1214 1260 694
1380        1208.4 1264.8 692.4
1381        1211 1266 694
1382        1208 1269 694
1383        1204 1266 696
1384        1208 1266 699
1385        1209 1270 699
1386        1210 1270 696
1387        1209 1268 699
1388        1210 1265 701
1389        1206 1266 697
1390        1206 1261.2 701.8
1391        1206 1264 703
1392        1201 1266 708
1393        1201 1264 702
1394        1198 1265 700
1395        1196 1264 701
1396        1200 1258 698
1397        1198 1259 703
1398        1196 1259 705
1399        1197 1262 703
1400        1198 1264.8 707.8
1401        1197 1264 709
1402        1201 1265 712
1403        1200 1266 710
1404        1199 1263 713
1405        1197 1266 711
1406        1199 1267 711
1407        1196 1269 711
1408        1196 1269 714
1409        1195 1270 718
1410        1200 1267 714
1411        1200 1270 717
1412        1200 1267 715
1413        1199 1267 716
1414        1203 1263 717
1415        1201 1262 716
1416        1201 1261 718
1417        1201 1257 718
1418        1204 1258 718
1419        1206 1254 721
1420        1203.6 1261 721
1421        1204 1263 720
1422        1207 1263 719
1423        1206 1264 720
1424        1205 1261 717
1425        1206 1261 715
1426        1207 1264 711
1427        1207 1261 712
1428        1206 1264 709
1429        1208 1257 711
1430        1204.4 1263.2 713.6
1431        1207 1259 713
1432        1205 1261 710
1433        1199 1262 710
1434        1197 1256 706
1435        1198 1260 708
1436        1196 1254 705
1437        1196 1255 708
1438        1194 1258 712
1439        1197 1256 709
1440        1204.8 1252.8 708
1441        1203 1251 706
1442        1202 1254 706
1443        1199 1253 707
1444        1202 1249 708
1445        1200 1247 705
1446        1206 1249 705
1447        1207 1248 707
1448        1207 1246 706
1449        1206 1249 707
1450        1201 1245.6 703.4
1451        1200 1245 702
1452        1199 1244 701
1453        1197 1240 702
1454        1200 1238 697
1455        1202 1245 700
1456        1200 1243 699
1457        1198 1243 701
1458        1198 1242 704
1459        1193 1240 707
1460        1192 1242.8 699.6
1461        1192 1241 700
1462        1187 1240 702
1463        1191 1243 700
1464        1188 1243 698
1465        1186 1239 700
1466        1186 1239 700
1467        1186 1236 701
1468        1185 1234 695
1469        1185 1233 699
1470        1186.4 1240.2 700.6
1471        1188 1236 701
1472        1189 1233 703
1473        1190 1236 703
1474        1191 1238 702
1475        1191 1234 704
1476        1192 1233 704
1477        1197 1232 704
1478        1197 1234 702
1479        1198 1236 700
1480        1195.2 1236 706.8
1481        1197 1237 708
1482        1197 1236 708
1483        1198 1237 712
1484        1200 1241 708
1485        1195 1239 708
1486        1196 1241 706
1487        1198 1244 705
1488        1197 1245 704
1489        1195 1247 706
1490        1198 1244.2 701.2
1491        1199 1245 701
1492        1202 1242 705
1493        1202 1237 705
1494        1201 1239 702
1495        1203 1233 700
1496        1204 1232 702
1497        1198 1234 704
1498        1201 1232 704
1499        1203 1231 704
1500        1199 1232.6 703.2
1501        1199 1233 699
1502        1199 1231 698
1503        1199 1232 702
1504        1202 1235 697
1505        1202 1234 696
1506        1199 1233 694
1507        1200 1231 692
1508        1205 1232 696
1509        1205 1232 697
1510        1209.4 1232 700.6
1511        1211 1236 700
1512        1212 1235 702
1513        1212 1232 699
1514        1215 1235 702
1515        1217 1230 704
1516        1215 1231 702
1517        1211 1228 700
1518        1218 1227 702
1519        1215 1228 699
1520        1212.2 1232.6 700.6
1521        1212 1231 697
1522        1212 1231 696
1523        1215 1231 695
1524        1216 1232 695
1525        1214 1230 694
1526        1213 1232 692
1527        1215 1232 694
1528        1213 1234 695
1529        1212 1235 693
1530        1215.2 1232.6 695
1531        1213 1234 698
1532        1214 1235 699
1533        1213 1237 694
1534        1210 1237 694
1535        1208 1240 695
1536        1211 1238 695
1537        1209 1242 695
1538        1211 1243 699
1539        1214 1243 700
1540        1216.8 1243 694.4
1541        1223 1241 699
1542        1219 1243 705
1543        1217 1242 705
1544        1217 1237 706
1545        1222 1241 709
1546        1222 1242 710
1547        1222 1244 706
1548        1220 1246 707
1549        1217 1246 705
1550        1219 1251.2 702.4
1551        1220 1246 704
1552        1222 1250 706
1553        1222 1254 703
1554        1221 1253 703
1555        1219 1255 702
1556        1215 1255 702
1557        1219 1256 702
1558        1219 1253 703
1559        1222 1252 709
1560        1216.8 1254.4 712.4
1561        1214 1255 711
1562        1218 1256 714
1563        1221 1254 713
1564        1221 1255 714
1565        1222 1259 716
1566        1220 1259 718
1567        1220 1262 715
1568        1222 1263 715
1569        1222 1264 713
1570        1215.6 1263.6 716.4
1571        1217 1265 715
1572        1218 1266 712
1573        1221 1263 714
1574        1222 1264 715
1575        1225 1266 715
1576        1223 1265 719
1577        1220 1270 714
1578        1217 1270 717
1579        1221 1269 713
1580        1222.2 1266 710
1581        1218 1269 705
1582        1222 1264 706
1583        1218 1264 706
1584        1220 1263 705
1585        1221 1261 703
1586        1225 1261 704
1587        1227 1260 704
1588        1227 1266 705
1589        1226 1267 703
1590        1221.4 1265.6 697.6
1591        1221 1262 695
1592        1222 1260 694
1593        1222 1259 696
1594        1222 1259 697
1595        1224 1255 698
1596        1224 1261 697
1597        1223 1258 695
1598        1224 1255 695
1599        1226 1256 696
1600        1227.2 1255.4 696
1601        1227 1254 693
1602        1230 1254 694
1603        1230 1252 695
1604        1234 1253 694
1605        1236 1255 693
1606        1234 1252 694
1607        1237 1249 691
1608        1239 1253 686
1609        1234 1254 683
1610        1231.6 1251.8 684.6
1611        1228 1252 684
1612        1229 1250 683
1613        1228 1249 682
1614        1228 1250 680
1615        1233 1246 678
1616        1230 1247 684
1617        1233 1245 683
1618        1232 1247 684
1619        1233 1250 683
1620        1232.2 1243.4 685.6
1621        1234 1239 686
1622        1231 1239 687
1623        1232 1239 689
1624        1231 1236 690
1625        1228 1235 689
1626        1229 1236 690
1627        1224 1238 689
1628        1227 1242 693
1629        1227 1239 691
1630        1228.4 1242.8 696.8
1631        1228 1241 697
1632        1230 1242 697
1633        1227 1242 700
1634        1229 1242 700
1635        1227 1243 700
1636        1225 1245 700
1637        1228 1244 696
1638        1229 1245 694
1639        1226 1243 699
1640        1220.2 1246.6 698.4
1641        1216 1251 700
1642        1220 1250 700
1643        1222 1251 699
1644        1218 1251 701
1645        1218 1246 702
1646        1215 1249 702
1647        1215 1247 701
1648        1211 1245 702
1649        1213 1247 700
1650        1209.8 1248.2 700.8
1651        1211 1251 701
1652        1212 1255 700
1653        1210 1255 698
1654        1209 1256 701
1655        1210 1252 702
1656        1207 1253 702
1657        1206 1254 704
1658        1207 1254 704
1659        1208 1256 702
1660        1203.4 1251.8 700.8
1661        1201 1253 703
1662        1199 1258 705
1663        1202 1251 704
1664        1196 1256 705
1665        1197 1255 702
1666        1193 1258 704
1667        1191 1257 700
1668        1189 1254 700
1669        1191 1253 700
1670        1192 1253.2 698.2
1671        1195 1255 693
1672        1197 1256 692
1673        1198 1258 692
1674        1195 1263 697
1675        1199 1257 694
1676        1200 1257 693
1677        1203 1261 693
1678        1202 1260 693
1679        1203 1258 695
1680        1201 1253 690
1681        1199 1253 691
1682        1198 1252 689
1683        1193 1251 690
1684        1196 1251 687
1685        1196 1253 688
1686        1194 1248 685
1687        1192 1252 688
1688        1193 1258 684
1689        1192 1256 687
1690        1192.8 1254 696
1691        1191 1255 698
1692        1187 1254 698
1693        1184 1260 697
1694        1183 1258 696
1695        1185 1257 699
1696        1187 1261 700
1697        1188 1261 698
1698        1188 1260 697
1699        1188 1257 700
1700        1187.4 1262.2 694.8
1701        1189 1264 693
1702        1191 1265 694
1703        1191 1265 688
1704        1191 1268 685
1705        1190 1264 686
1706        1190 1260 687
1707        1188 1264 688
1708        1190 1263 692
1709        1193 1260 693
1710        1195.4 1263.4 687.6
1711        1198 1266 686
1712        1201 1265 687
1713        1196 1265 689
1714        1195 1260 688
1715        1194 1263 689
1716        1193 1264 693
1717        1196 1264 692
1718        1198 1266 692
1719        1198 1266 694
1720        1200 1263.6 691.6
1721        1202 1264 694
1722        1204 1267 689
1723        1204 1266 695
1724        1205 1266 697
1725        1199 1263 696
1726        1200 1263 697
1727        1199 1257 695
1728        1201 1258 695
1729        1201 1256 691
1730        1208.2 1257.8 690.2
1731        1205 1258 692
1732        1212 1256 692
1733        1209 1258 693
1734        1208 1260 692
1735        1206 1261 696
1736        1207 1257 698
1737        1208 1259 700
1738        1204 1259 699
1739        1207 1263 705
1740        1205 1262.4 699.6
1741        1209 1266 701
1742        1208 1262 702
1743        1207 1261 704
1744        1210 1262 706
1745        1210 1262 706
1746        1213 1261 706
1747        1212 1259 705
1748        1212 1259 704
1749        1211 1259 703
1750        1206 1256.4 706.8
1751        1208 1256 709
1752        1207 1256 710
1753        1208 1257 706
1754        1207 1250 707
1755        1207 1252 708
1756        1207 1250 710
1757        1207 1250 711
1758        1206 1249 711
1759        1208 1252 712
1760        1215.4 1254 712.4
1761        1212 1251 714
1762        1219 1252 714
1763        1219 1252 716
1764        1222 1246 715
1765        1216 1246 719
1766        1217 1248 718
1767        1217 1249 721
1768        1217 1251 721
1769        1220 1250 723
1770        1221.6 1254 716.4
1771        1223 1253 715
1772        1218 1254 715
1773        1219 1256 714
1774        1213 1257 716
1775        1216 1258 715
1776        1214 1259 720
1777        1214 1258 722
1778        1214 1253 720
1779        1211 1252 720
1780        1214.6 1253.2 722.4
1781        1214 1256 723
1782        1212 1251 722
1783        1215 1252 726
1784        1214 1250 724
1785        1211 1251 724
1786        1215 1247 724
1787        1212 1249 725
1788        1210 1247 723
1789        1210 1245 725
1790        1209.4 1250.6 728.2
1791        1209 1252 724
1792        1205 1253 727
1793        1208 1256 727
1794        1207 1254 729
1795        1207 1255 729
1796        1208 1251 726
1797        1208 1253 729
1798        1204 1252 731
1799        1203 1253 734
1800        1200 1253 731.8
1801        1198 1256 730
1802        1198 1252 731
1803        1194 1251 731
1804        1195 1251 727
1805        1193 1253 729
1806        1194 1257 725
1807        1198 1257 728
1808        1198 1258 729
1809        1198 1258 732
1810        1192.4 1254 731.8
1811        1189 1254 735
1812        1189 1254 735
1813        1186 1253 731
1814        1183 1252 736
1815        1185 1255 737
1816        1181 1254 731
1817        1180 1253 730
1818        1181 1253 729
1819        1180 1251 731
1820        1181.6 1247.8 737.4
1821        1185 1244 735
1822        1185 1244 733
1823        1182 1246 734
1824        1177 1244 733
1825        1179 1244 734
1826        1177 1245 736
1827        1176 1244 738
1828        1179 1245 736
1829        1182 1246 738
1830        1183.2 1241.8 737
1831        1184 1244 737
1832        1190 1244 738
1833        1183 1242 737
1834        1184 1241 736
1835        1185 1242 736
1836        1179 1243 738
1837        1180 1243 734
1838        1184 1240 730
1839        1181 1243 730
1840        1188.2 1241.6 731.8
1841        1190 1241 729
1842        1195 1245 729
1843        1190 1244 727
1844        1190 1242 729
1845        1191 1242 723
1846        1195 1242 727
1847        1192 1247 728
1848        1189 1248 722
1849        1191 1246 723
1850        1195.2 1240.8 723.6
1851        1198 1242 724
1852        1198 1244 722
1853        1195 1244 723
1854        1193 1245 723
1855        1198 1245 717
1856        1195 1250 720
1857        1198 1250 718
1858        1198 1250 720
1859        1199 1250 719
1860        1200 1242.4 718.6
1861        1202 1244 718
1862        1200 1238 719
1863        1203 1238 719
1864        1203 1240 716
1865        1201 1237 717
1866        1202 1238 715
1867        1204 1234 716
1868        1205 1238 715
1869        1206 1237 714
1870        1208.4 1240 714
1871        1210 1241 716
1872        1206 1237 714
1873        1207 1242 717
1874        1208 1239 716
1875        1206 1242 717
1876        1209 1247 718
1877        1211 1248 721
1878        1210 1242 718
1879        1212 1240 721
1880        1216.2 1240 720.8
1881        1215 1243 722
1882        1218 1240 723
1883        1218 1240 721
1884        1215 1238 716
1885        1217 1239 717
1886        1216 1236 717
1887        1215 1229 717
1888        1218 1231 722
1889        1222 1233 723
1890        1214.4 1232.8 723.8
1891        1217 1233 725
1892        1217 1230 724
1893        1222 1229 726
1894        1218 1232 723
1895        1224 1233 725
1896        1224 1230 721
1897        1221 1230 720
1898        1220 1229 718
1899        1222 1229 717
1900        1215.4 1226.8 717.6
1901        1217 1231 716
1902        1212 1227 718
1903        1216 1231 714
1904        1217 1227 716
1905        1216 1228 712
1906        1216 1228 713
1907        1218 1233 711
1908        1215 1234 711
1909        1215 1232 707
1910        1210.8 1233 710.8
1911        1208 1237 714
1912        1210 1236 710
1913        1209 1239 710
1914        1207 1237 709
1915        1209 1238 709
1916        1208 1236 713
1917        1210 1237 712
1918        1207 1243 710
1919        1208 1243 713
1920        1213.2 1242 711.6
1921        1213 1242 712
1922        1217 1243 713
1923        1218 1245 716
1924        1218 1244 714
1925        1218 1248 713
1926        1224 1251 712
1927        1221 1250 713
1928        1225 1249 710
1929        1226 1249 715
1930        1225.8 1245 712.6
1931        1221 1240 712
1932        1222 1242 709
1933        1224 1242 710
1934        1224 1248 709
1935        1220 1247 709
1936        1226 1246 711
1937        1221 1246 711
1938        1219 1244 711
1939        1219 1247 714
1940        1220.2 1250.4 710.4
1941        1219 1251 713
1942        1222 1251 707
1943        1219 1254 712
1944        1223 1255 711
1945        1222 1258 711
1946        1219 1261 713
1947        1218 1262 711
1948        1220 1259 708
1949        1219 1257 708
1950        1216.6 1255.4 713.4
1951        1219 1257 720
1952        1213 1262 719
1953        1220 1259 718
1954        1221 1261 719
1955        1222 1263 721
1956        1224 1260 723
1957        1220 1261 723
1958        1223 1259 724
1959        1221 1259 723
1960        1214.4 1262.4 723.6
1961        1213 1261 722
1962        1218 1256 725
1963        1218 1261 721
1964        1220 1265 725
1965        1213 1263 725
1966        1214 1263 727
1967        1214 1262 727
1968        1213 1263 725
1969        1216 1261 728
1970        1219.6 1254.4 726.8
1971        1224 1254 724
1972        1223 1255 731
1973        1223 1257 731
1974        1227 1258 725
1975        1227 1255 732
1976        1225 1260 728
1977        1225 1261 728
1978        1225 1262 730
1979        1228 1263 732
1980        1231.6 1256.4 730.8
1981        1229 1258 734
1982        1227 1256 739
1983        1225 1258 737
1984        1223 1258 739
1985        1226 1256 739
1986        1224 1253 735
1987        1226 1256 740
1988        1222 1255 735
1989        1222 1256 731
1990        1223 1256.8 733.2
1991        1225 1262 736
1992        1220 1259 733
1993        1219 1256 732
1994        1216 1255 733
1995        1218 1256 735
1996        1220 1255 738
1997        1217 1260 739
1998        1218 1256 739
1999        1215 1259 744
2000        1215.6 1261 738.8
2001        1213 1265 742
2002        1212 1263 738
2003        1210 1261 738
2004        1212 1259 742
2005        1213 1260 737
2006        1213 1259 734
2007        1214 1264 736
2008        1216 1263 737
2009        1219 1265 738
2010        1212.2 1267.4 737.8
2011        1210 1269 739
2012        1213 1268 735
2013        1216 1266 737
2014        1214 1263 735
2015        1214 1266 736
2016        1212 1266 737
2017        1209 1261 742
2018        1207 1263 738
2019        1207 1265 737
2020        1206 1262.4 735.6
2021        1204 1265 740
2022        1206 1261 742
2023        1203 1266 739
2024        1201 1265 737
2025        1200 1267 736
2026        1197 1265 739
2027        1201 1268 739
2028        1200 1273 741
2029        1201 1270 741
2030        1198.6 1266.8 740
2031        1198 1265 741
2032        1201 1262 739
2033        1198 1263 735
2034        1200 1264 737
2035        1203 1262 735
2036        1202 1262 731
2037        1202 1260 732
2038        1202 1256 733
2039        1199 1260 732
2040        1195.2 1258.8 733
2041        1198 1259 731
2042        1196 1261 729
2043        1193 1261 732
2044        1195 1263 728
2045        1199 1260 731
2046        1195 1258 727
2047        1192 1259 727
2048        1191 1256 722
2049        1192 1261 726
2050        1193.8 1257.2 730.2
2051        1190 1255 731
2052        1185 1255 725
2053        1188 1254 728
2054        1186 1253 722
2055        1190 1255 722
2056        1189 1252 726
2057        1192 1250 727
2058        1192 1253 729
2059        1188 1254 728
2060        1189.2 1252.8 718.8
2061        1187 1251 715
2062        1190 1253 715
2063        1192 1247 715
2064        1192 1248 714
2065        1192 1249 713
2066        1194 1248 712
2067        1190 1248 709
2068        1191 1251 710
2069        1192 1253 710
2070        1192.8 1251.6 714.2
2071        1193 1247 715
2072        1194 1248 718
2073        1189 1249 719
2074        1190 1250 721
2075        1188 1248 725
2076        1185 1250 721
2077        1187 1250 719
2078        1183 1244 716
2079        1184 1245 719
2080        1191.6 1244.8 717.8
2081        1188 1249 717
2082        1191 1247 715
2083        1194 1247 716
2084        1196 1247 714
2085        1199 1249 714
2086        1196 1247 712
2087        1196 1250 712
2088        1198 1250 715
2089        1197 1252 713
2090        1191.6 1257.2 712.2
2091        1187 1259 714
2092        1185 1255 720
2093        1191 1256 718
2094        1192 1256 717
2095        1195 1256 714
2096        1198 1260 717
2097        1198 1261 716
2098        1194 1261 713
2099        1196 1261 714
2100        1199.8 1260.8 717.8
2101        1201 1257 719
2102        1200 1254 719
2103        1200 1257 717
2104        1203 1255 719
2105        1197 1258 719
2106        1202 1254 720
2107        1199 1253 717
2108        1195 1254 715
2109        1196 1251 715
2110        1201.2 1250.4 722.4
2111        1201 1250 722
2112        1198 1246 724
2113        1198 1248 725
2114        1197 1250 725
2115        1201 1250 727
2116        1204 1250 728
2117        1199 1246 725
2118        1198 1249 730
2119        1198 1250 732
2120        1195.4 1243.6 728
2121        1198 1245 727
2122        1199 1247 728
2123        1203 1243 726
2124        1203 1241 725
2125        1202 1239 727
2126        1204 1239 725
2127        1201 1236 723
2128        1200 1240 723
2129        1198 1237 721
2130        1199.8 1238.2 727.6
2131        1202 1234 730
2132        1197 1229 730
2133        1197 1228 727
2134        1198 1229 733
2135        1198 1229 732
2136        1196 1230 729
2137        1197 1230 727
2138        1198 1236 728
2139        1200 1234 726
2140        1194.6 1229.4 726.2
2141        1189 1232 725
2142        1187 1230 728
2143        1186 1228 726
2144        1189 1229 723
2145        1184 1229 722
2146        1184 1228 720
2147        1187 1230 719
2148        1184 1232 716
2149        1187 1231 715
2150        1185.4 1234.6 720.2
2151        1184 1238 720
2152        1185 1234 721
2153        1184 1239 716
2154        1188 1237 720
2155        1187 1235 719
2156        1188 1238 724
2157        1186 1235 725
2158        1187 1232 725
2159        1185 1230 722
2160        1183.2 1237.2 724.8
2161        1186 1239 726
2162        1184 1241 730
2163        1187 1241 728
2164        1185 1239 731
2165        1188 1242 730
2166        1184 1239 733
2167        1183 1234 729
2168        1184 1233 734
2169        1186 1239 732
2170        1186.4 1237.2 727.4
2171        1183 1233 727
2172        1186 1235 729
2173        1190 1236 727
2174        1191 1235 732
2175        1188 1240 732
2176        1191 1239 734
2177        1184 1241 737
2178        1184 1240 732
2179        1186 1237 733
2180        1186 1237 737.4
2181        1185 1232 733
2182        1186 1232 732
2183        1192 1233 737
2184        1192 1233 734
2185        1186 1230 736
2186        1190 1230 733
2187        1191 1225 730
2188        1189 1228 731
2189        1191 1225 728
2190        1184.4 1229 729.6
2191        1183 1228 728
2192        1182 1228 730
2193        1180 1229 729
2194        1180 1230 729
2195        1180 1223 726
2196        1181 1227 726
2197        1182 1223 725
2198        1177 1224 725
2199        1175 1222 722
2200        1179.8 1222 728
2201        1178 1221 723
2202        1182 1219 724
2203        1181 1219 721
2204        1177 1219 720
2205        1184 1217 717
2206        1182 1221 719
2207        1182 1220 715
2208        1181 1218 715
2209        1184 1218 716
2210        1184.4 1222.2 716.8
2211        1185 1226 715
2212        1183 1229 718
2213        1183 1231 714
2214        1182 1233 714
2215        1183 1232 712
2216        1183 1232 713
2217        1186 1228 710
2218        1181 1226 713
2219        1181 1228 716
2220        1185.2 1227.8 711.6
2221        1191 1226 710
2222        1197 1225 711
2223        1198 1225 712
2224        1195 1225 712
2225        1200 1226 712
2226        1200 1226 715
2227        1203 1225 718
2228        1200 1229 717
2229        1200 1232 717
2230        1196.2 1229.4 713.2
2231        1197 1230 716
2232        1196 1229 715
2233        1195 1233 715
2234        1195 1229 718
2235        1198 1230 721
2236        1195 1230 722
2237        1196 1230 721
2238        1192 1226 724
2239        1189 1224 723
2240        1196.6 1222.6 723.4
2241        1197 1229 724
2242        1196 1227 725
2243        1194 1223 727
2244        1195 1223 727
2245        1195 1226 726
2246        1196 1227 729
2247        1195 1223 730
2248        1195 1224 727
2249        1195 1226 726
2250        1198.6 1226.6 733
2251        1196 1226 732
2252        1196 1230 736
2253        1193 1232 737
2254        1193 1233 739
2255        1195 1227 736
2256        1192 1228 737
2257        1192 1228 738
2258        1194 1231 738
2259        1193 1236 740
2260        1197.4 1234 736.6
2261        1196 1237 738
2262        1196 1240 737
2263        1200 1240 738
2264        1197 1240 738
2265        1196 1241 739
2266        1197 1238 742
2267        1199 1239 744
2268        1196 1239 741
2269        1196 1239 743
2270        1197.6 1244.4 739.2
2271        1198 1242 741
2272        1201 1244 740
2273        1199 1242 740
2274        1201 1243 740
2275        1204 1237 741
2276        1202 1240 738
2277        1202 1245 738
2278        1201 1242 738
2279        1199 1241 737
2280        1204.6 1239.6 733.4
2281        1204 1237 735
2282        1208 1233 738
2283        1210 1232 732
2284        1207 1238 732
2285        1207 1236 734
2286        1207 1238 729
2287        1205 1238 730
2288        1206 1235 727
2289        1208 1241 728
2290        1209.4 1236 728.2
2291        1212 1234 728
2292        1211 1235 730
2293        1210 1232 736
2294        1212 1236 731
2295        1213 1241 735
2296        1212 1239 728
2297        1210 1239 729
2298        1208 1239 727
2299        1211 1236 727
2300        1216.8 1238.6 726.8
2301        1217 1241 726
2302        1220 1240 728
2303        1215 1242 727
2304        1219 1244 727
2305        1221 1245 727
2306        1220 1243 730
2307        1216 1244 731
2308        1215 1247 734
2309        1218 1244 733
2310        1220.2 1244.4 734
2311        1218 1245 734
2312        1218 1242 736
2313        1219 1242 740
2314        1218 1246 736
2315        1216 1245 737
2316        1219 1248 739
2317        1222 1250 740
2318        1225 1248 743
2319        1223 1246 743
2320        1215.2 1247.6 743.2
2321        1212 1244 746
2322        1215 1247 742
2323        1213 1250 744
2324        1208 1248 746
2325        1214 1248 746
2326        1214 1249 749
2327        1210 1250 747
2328        1210 1251 747
2329        1204 1251 749
2330        1202.2 1248.6 746.4
2331        1206 1243 748
2332        1208 1240 750
2333        1212 1241 748
2334        1209 1239 748
2335        1209 1239 749
2336        1212 1238 750
2337        1207 1238 754
2338        1209 1238 749
2339        1206 1238 751
2340        1203.6 1236.2 750.8
2341        1200 1235 751
2342        1200 1235 752
2343        1202 1232 756
2344        1201 1233 756
2345        1197 1233 758
2346        1197 1230 760
2347        1202 1226 762
2348        1199 1227 760
2349        1199 1228 757
2350        1196.4 1226.2 751
2351        1198 1228 748
2352        1199 1226 748
2353        1195 1230 750
2354        1195 1233 749
2355        1192 1233 749
2356        1190 1231 749
2357        1191 1234 751
2358        1191 1228 750
2359        1193 1230 748
2360        1188 1227.8 748.4
2361        1186 1228 748
2362        1184 1232 747
2363        1183 1232 745
2364        1183 1232 743
2365        1181 1232 739
2366        1180 1230 738
2367        1183 1226 738
2368        1181 1222 738
2369        1182 1219 740
2370        1178.6 1223.2 744
2371        1178 1224 743
2372        1179 1224 742
2373        1178 1228 744
2374        1177 1228 742
2375        1176 1229 743
2376        1180 1231 742
2377        1179 1231 744
2378        1180 1231 740
2379        1180 1228 738
2380        1174.8 1231.4 741.4
2381        1171 1235 742
2382        1174 1231 740
2383        1180 1234 744
2384        1181 1232 744
2385        1177 1234 741
2386        1180 1233 742
2387        1182 1236 738
2388        1184 1240 742
2389        1182 1237 742
2390        1182.6 1240.6 749
2391        1176 1239 746
2392        1171 1243 744
2393        1172 1241 746
2394        1179 1244 748
2395        1175 1245 747
2396        1178 1245 750
2397        1180 1241 749
2398        1177 1242 749
2399        1179 1240 752
2400        1175.8 1242 750.2
2401        1178 1239 753
2402        1175 1238 758
2403        1177 1239 753
2404        1177 1241 754
2405        1175 1245 753
2406        1175 1247 756
2407        1177 1248 759
2408        1172 1245 762
2409        1172 1245 759
2410        1170.8 1240.8 759.4
2411        1167 1239 758
2412        1165 1240 754
2413        1167 1240 760
2414        1165 1244 756
2415        1166 1242 757
2416        1167 1243 760
2417        1166 1242 760
2418        1166 1239 755
2419        1164 1242 754
2420        1160.4 1237.2 756
2421        1161 1234 751
2422        1159 1236 753
2423        1158 1237 755
2424        1159 1238 757
2425        1156 1241 763
2426        1154 1239 758
2427        1151 1239 762
2428        1153 1243 758
2429        1151 1242 758
2430        1151.6 1241.4 751.4
2431        1155 1247 754
2432        1153 1245 750
2433        1152 1248 750
2434        1155 1248 751
2435        1152 1251 752
2436        1155 1253 749
2437        1156 1253 748
2438        1157 1252 753
2439        1161 1250 752
2440        1161.4 1250.2 745.4
2441        1163 1252 750
2442        1166 1248 747
2443        1169 1247 747
2444        1167 1249 748
2445        1169 1252 746
2446        1170 1254 747
2447        1164 1252 747
2448        1162 1254 748
2449        1162 1253 745
2450        1164.4 1249.2 741.2
2451        1163 1252 740
2452        1164 1249 737
2453        1162 1247 743
2454        1157 1246 737
2455        1158 1248 735
2456        1163 1242 736
2457        1160 1248 736
2458        1164 1245 737
2459        1165 1247 735
2460        1159.4 1248 733.2
2461        1163 1250 734
2462        1164 1251 735
2463        1167 1246 734
2464        1164 1245 732
2465        1167 1245 734
2466        1167 1242 733
2467        1165 1239 733
2468        1161 1240 736
2469        1163 1242 731
2470        1170 1248 733.2
2471        1173 1246 735
2472        1173 1249 733
2473        1170 1246 733
2474        1172 1249 728
2475        1175 1244 726
2476        1173 1243 727
2477        1174 1242 728
2478        1174 1242 729
2479        1176 1243 728
2480        1177.2 1249.8 727.2
2481        1176 1249 724
2482        1174 1246 720
2483        1176 1243 726
2484        1176 1242 723
2485        1176 1241 724
2486        1174 1237 724
2487        1175 1237 723
2488        1175 1237 721
2489        1175 1238 719
2490        1180.8 1240.8 721.2
2491        1182 1239 720
2492        1183 1240 714
2493        1182 1240 716
2494        1183 1241 715
2495        1185 1243 715
2496        1183 1242 711
2497        1184 1241 714
2498        1180 1244 715
2499        1180 1239 710
2500        1184.6 1239.8 716.4
2501        1186 1242 718
2502        1186 1243 716
2503        1186 1244 712
2504        1183 1247 715
2505        1185 1252 717
2506        1183 1253 720
2507        1178 1252 718
2508        1179 1252 718
2509        1178 1248 718
2510        1178.6 1241.8 713.8
2511        1179 1248 712
2512        1179 1249 711
2513        1179 1251 708
2514        1178 1248 709
2515        1177 1251 705
2516        1176 1245 708
2517        1174 1245 706
2518        1174 1244 705
2519        1176 1242 702
2520        1179.8 1249 702.4
2521        1183 1248 705
2522        1179 1250 706
2523        1179 1250 702
2524        1175 1248 701
2525        1175 1251 702
2526        1179 1253 703
2527        1179 1253 705
2528        1178 1251 704
2529        1181 1253 708
2530        1176.4 1250.6 705.8
2531        1175 1251 708
2532        1175 1256 706
2533        1175 1253 704
2534        1181 1253 706
2535        1179 1256 707
2536        1179 1252 707
2537        1180 1254 712
2538        1180 1255 707
2539        1179 1257 709
2540        1173.8 1255.6 713.8
2541        1176 1258 710
2542        1177 1259 713
2543        1174 1259 716
2544        1178 1264 714
2545        1175 1263 716
2546        1180 1265 712
2547        1176 1267 709
2548        1173 1268 712
2549        1173 1266 712
2550        1169.2 1263.8 713
2551        1172 1268 716
2552        1169 1266 714
2553        1165 1268 715
2554        1167 1270 710
2555        1168 1267 710
2556        1168 1268 711
2557        1168 1270 709
2558        1169 1265 707
2559        1167 1270 710
2560        1169.2 1271.8 707.6
2561        1170 1272 709
2562        1174 1268 714
2563        1175 1272 712
2564        1172 1272 713
2565        1174 1275 713
2566        1174 1275 711
2567        1172 1275 712
2568        1174 1278 710
2569        1176 1278 710
2570        1179.6 1273 707
2571        1181 1275 705
2572        1181 1277 707
2573        1177 1276 706
2574        1178 1276 703
2575        1183 1276 704
2576        1188 1274 703
2577        1182 1273 706
2578        1186 1270 703
2579        1186 1273 701
2580        1189 1275.4 707
2581        1190 1278 706
2582        1188 1279 707
2583        1187 1278 708
2584        1186 1281 713
2585        1192 1279 711
2586        1192 1274 708
2587        1188.75 1277.45 711.8
2588        1190.5 1275.9 707.6
2589        1190 1278 708
2590        1189 1278.8 706.2
2591        1189 1275 706
2592        1189 1275 713
2593        1190 1274 714
2594        1183 1271 712
2595        1185 1267 712
2596        1185 1269 710
2597        1187 1265 709
2598        1188 1269 708
2599        1187 1271 707
2600        1183 1269.6 707
2601        1182 1268 709
2602        1178 1267 709
2603        1173 1267 709
2604        1176 1272 711
2605        1176 1271 709
2606        1179 1274 704
2607        1180 1271 710
2608        1178 1269 712
2609        1181 1268 714
2610        1181.4 1264.6 713
2611        1180 1265 713
2612        1182 1261 711
2613        1185 1263 713
2614        1183 1262 715
2615        1184 1261 711
2616        1185 1263 710
2617        1186 1264 714
2618        1186 1266 716
2619        1190 1265 719
2620        1186.4 1261.6 723.2
2621        1187 1266 724
2622        1187 1261 720
2623        1190 1264 724
2624        1191 1263 723
2625        1192 1266 722
2626        1191 1268 717
2627        1193 1271 719
2628        1193 1273 719
2629        1191 1272 719
2630        1190 1267.8 725
2631        1192 1272 723
2632        1191 1276 728
2633        1194 1271 727
2634        1196 1274 732
2635        1194 1272 732
2636        1194 1272 737
2637        1192 1276 732
2638        1192 1279 733
2639        1193 1274 735
2640        1189.2 1278 734
2641        1188 1279 732
2642        1187 1278 735
2643        1190 1278 738
2644        1191 1280 741
2645        1189 1279 739
2646        1190 1279 740
2647        1189 1282 739
2648        1192 1284 743
2649        1186 1285 741
2650        1183 1278.8 738
2651        1182 1280 738
2652        1183 1280 739
2653        1182 1280 740
2654        1178 1283 744
2655        1179 1279 746
2656        1180 1275 745
2657        1176 1278 741
2658        1179 1278 742
2659        1177 1279 742
2660        1176 1286 739
2661        1176 1286 741
2662        1180 1285 741
2663        1177 1282 739
2664        1174 1285 737
2665        1175 1282 738
2666        1176 1280 741
2667        1175 1283 742
2668        1178 1281 745
2669        1176 1283 746
2670        1180.2 1284.4 739.4
2671        1176 1282 742
2672        1174 1277 740
2673        1173 1276 743
2674        1170 1271 744
2675        1173 1274 746
2676        1176 1271 744
2677        1182 1267 745
2678        1178 1267 746
2679        1176 1269 746
2680        1181.8 1272 741.4
2681        1182 1269 742
2682        1180 1270 744
2683        1181 1275 745
2684        1182 1270 746
2685        1177 1273 750
2686        1183 1269 747
2687        1184 1269 746
2688        1184 1265 743
2689        1182 1263 745
2690        1176 1265.8 744.8
2691        1176 1263 742
2692        1179 1263 742
2693        1177 1262 743
2694        1174 1260 742
2695        1172 1258 742
2696        1176 1257 742
2697        1174 1256 740
2698        1173 1254 733
2699        1179 1254 735
2700        1178.6 1255.4 741.4
2701        1180 1256 742
2702        1180 1258 742
2703        1184 1259 737
2704        1181 1257 738
2705        1184 1257 740
2706        1187 1258 740
2707        1189 1258 738
2708        1189 1257 740
2709        1190 1253 737
2710        1185.2 1255.8 736
2711        1179 1255 732
2712        1184 1258 732
2713        1186 1259 735
2714        1188 1262 733
2715        1187 1265 735
2716        1186 1264 735
2717        1186 1261 735
2718        1185 1265 734
2719        1186 1264 732
2720        1186.8 1265.8 728.2
2721        1187 1264 725
2722        1186 1264 726
2723        1186 1268 723
2724        1186 1270 724
2725        1181 1271 724
2726        1184 1269 726
2727        1183 1271 727
2728        1182 1270 727
2729        1185 1268 730
2730        1185.4 1266.4 728
2731        1186 1268 725
2732        1184 1268 725
2733        1181 1266 727
2734        1180 1268 725
2735        1177 1267 727
2736        1175 1270 720
2737        1176 1272 720
2738        1178 1273 723
2739        1178 1272 719
2740        1176.4 1277.6 718.8
2741        1179 1278 726
2742        1182 1281 729
2743        1177 1283 726
2744        1181 1282 727
2745        1180 1284 730
2746        1181 1287 726
2747        1178 1288 728
2748        1181 1288 728
2749        1177 1291 723
2750        1174.4 1284.8 723.6
2751        1171 1283 718
2752        1168 1286 721
2753        1170 1288 725
2754        1167 1286 725
2755        1170 1290 726
2756        1167 1287 727
2757        1166 1289 724
2758        1167 1283 723
2759        1166 1285 721
2760        1170 1291.2 720
2761        1171 1293 718
2762        1167 1299 720
2763        1171 1298 720
2764        1167 1297 719
2765        1171 1299 724
2766        1167 1298 722
2767        1165 1298 720
2768        1161 1302 719
2769        1163 1302 719
2770        1162.6 1295.8 715.6
2771        1167 1300 713
2772        1170 1301 709
2773        1172 1299 711
2774        1167 1297 712
2775        1169 1291 708
2776        1172 1295 704
2777        1169 1296 709
2778        1168 1295 706
2779        1169 1298 705
2780        1170.2 1298 702.2
2781        1172 1299 703
2782        1175 1295 701
2783        1174 1295 705
2784        1174 1292 703
2785        1177 1290 705
2786        1174 1289 705
2787        1173 1287 708
2788        1174 1287 710
2789        1175 1290 716
2790        1173.8 1297.8 716.6
2791        1176 1297 709
2792        1177 1299 711
2793        1180 1297 714
2794        1182 1295 709
2795        1184 1296 710
2796        1186 1294 709
2797        1184 1293 711
2798        1184 1293 712
2799        1185 1293 709
2800        1183.6 1296 708.8
2801        1181 1296 708
2802        1180 1295 707
2803        1178 1294 709
2804        1180 1293 710
2805        1180 1290 710
2806        1176 1288 708
2807        1182 1289 710
2808        1184 1288 711
2809        1180 1289 713
2810        1185.2 1289 713.8
2811        1183 1291 716
2812        1179 1293 712
2813        1180 1294 715
2814        1177 1289 711
2815        1173 1295 709
2816        1173 1290 709
2817        1172 1287 706
2818        1172 1285 705
2819        1174 1289 703
2820        1180.4 1288.4 706.6
2821        1176 1287 704
2822        1178 1286 702
2823        1173 1284 703
2824        1171 1284 703
2825        1170 1284 707
2826        1168 1286 707
2827        1171 1285 707
2828        1169 1285 706
2829        1170 1285 704
2830        1171.4 1282.6 699.8
2831        1168 1281 700
2832        1167 1283 700
2833        1162 1280 705
2834        1163 1280 702
2835        1162 1279 700
2836        1164 1278 701
2837        1162 1275 701
2838        1164 1278 703
2839        1161 1278 701
2840        1165.4 1274.6 699.6
2841        1165 1272 699
2842        1172 1272 696
2843        1170 1277 697
2844        1177 1275 696
2845        1175 1271 694
2846        1171 1271 696
2847        1176 1272 696
2848        1176 1270 696
2849        1180 1267 695
2850        1174.2 1265.4 695.2
2851        1173 1268 697
2852        1177 1268 698
2853        1176 1270 697
2854        1173 1271 697
2855        1176 1271 699
2856        1175 1271 695
2857        1175 1266 696
2858        1173 1268 695
2859        1170 1272 698
2860        1177.2 1274.4 693.6
2861        1177 1275 692
2862        1179 1279 693
2863        1180 1276 692
2864        1177 1274 687
2865        1176 1275 687
2866        1173 1278 686
2867        1169 1284 689
2868        1175 1279 689
2869        1172 1282 689
2870        1175 1287.6 687.6
2871        1179 1285 685
2872        1174 1283 683
2873        1172 1285 688
2874        1172 1286 689
2875        1171 1284 686
2876        1174 1281 683
2877        1168 1282 681
2878        1170 1281 679
2879        1173 1281 678
2880        1167.6 1284.8 681
2881        1165 1282 687
2882        1166 1282 683
2883        1163 1279 680
2884        1160 1280 677
2885        1164 1278 681
2886        1164 1279 687
2887        1160 1277 682
2888        1159 1280 684
2889        1161 1281 683
2890        1163 1275.4 681.6
2891        1163 1274 676
2892        1163 1270 679
2893        1162 1269 680
2894        1160 1265 679
2895        1164 1263 679
2896        1164 1268 679
2897        1169 1266 678
2898        1167 1267 679
2899        1168 1270 682
2900        1164.6 1266 680.2
2901        1160 1265 685
2902        1160 1262 684
2903        1158 1263 685
2904        1159 1260 686
2905        1161 1258 687
2906        1157 1258 688
2907        1158 1262 688
2908        1158 1264 693
2909        1162 1263 693
2910        1157 1257.8 690
2911        1158 1256 692
2912        1161 1256 693
2913        1160 1263 696
2914        1162 1258 695
2915        1165 1261 695
2916        1159 1261 694
2917        1156 1261 696
2918        1158 1261 697
2919        1159 1259 698
2920        1164.6 1254 697.2
2921        1165 1253 697
2922        1159 1250 700
2923        1160 1248 701
2924        1155 1250 705
2925        1157 1250 704
2926        1155 1250 705
2927        1154 1247 705
2928        1155 1247 700
2929        1157 1249 701
2930        1164 1250.4 703.6
2931        1161 1248 705
2932        1164 1246 705
2933        1160 1249 704
2934        1160 1245 704
2935        1157 1246 706
2936        1160 1246 709
2937        1159 1245 707
2938        1160 1245 711
2939        1160 1243 714
2940        1157.2 1243.8 716.8
2941        1159 1248 715
2942        1159 1250 715
2943        1163 1244 716
2944        1157 1244 718
2945        1158 1246 717
2946        1154 1242 718
2947        1153 1246 720
2948        1150 1241 720
2949        1155 1241 718
2950        1161.8 1240.8 717.8
2951        1163 1236 716
2952        1165 1236 715
2953        1168 1235 717
2954        1170 1234 718
2955        1171 1233 720
2956        1167 1231 720
2957        1172 1231 724
2958        1171 1233 722
2959        1171 1234 722
2960        1167.4 1233.8 723.8
2961        1166 1231 723
2962        1168 1229 726
2963        1171 1231 726
2964        1170 1233 727
2965        1172 1236 728
2966        1169 1238 726
2967        1171 1237 726
2968        1171 1237 725
2969        1173 1238 727
2970        1171.2 1232.4 732
2971        1171 1232 730
2972        1172 1231 729
2973        1173 1235 729
2974        1174 1233 730
2975        1169 1233 730
2976        1170 1234 732
2977        1169 1232 733
2978        1170 1236 732
2979        1169 1233 729
2980        1165.4 1235 723.8
2981        1166 1238 724
2982        1168 1242 726
2983        1163 1241 726
2984        1163 1242 726
2985        1161 1243 731
2986        1163 1246 727
2987        1159 1244 723
2988        1161 1239 728
2989        1163 1242 723
2990        1167.4 1244.2 716.8
2991        1166 1246 717
2992        1168 1246 720
2993        1167 1246 715
2994        1168 1244 714
2995        1164 1247 716
2996        1166 1249 717
2997        1167 1246 718
2998        1168 1246 718
2999        1168 1250 720
3000        1173 1250.4 722.6
3001        1172 1250 719
3002        1171 1254 725
3003        1165 1252 721
3004        1166 1255 727
3005        1171 1252 725
3006        1174 1256 725
3007        1169 1254 727
3008        1165 1251 728
3009        1165 1255 728
3010        1160.8 1255.4 724.4
3011        1162 1256 722
3012        1160 1258 719
3013        1159 1260 722
3014        1157 1265 722
3015        1160 1264 724
3016        1163 1261 723
3017        1160 1260 723
3018        1164 1259 719
3019        1163 1260 717
3020        1156.2 1262.4 716.4
3021        1160 1262 714
3022        1164 1260 712
3023        1161 1260 711
3024        1165 1261 708
3025        1163 1262 708
3026        1161 1262 709
3027        1158 1263 709
3028        1157 1265 712
3029        1162 1264 713
3030        1160 1270.6 711.8
3031        1164 1270 711
3032        1159 1271 712
3033        1163 1275 711
3034        1163 1275 713
3035        1156 1274 714
3036        1162 1272 714
3037        1160 1274 717
3038        1162 1273 716
3039        1162 1276 717
3040        1165.6 1278 716.2
3041        1168 1280 717
3042        1169 1282 714
3043        1167 1283 716
3044        1165 1285 716
3045        1168 1286 719
3046        1168 1282 719
3047        1168 1281 718
3048        1167 1281 720
3049        1165 1280 721
3050        1172.6 1280.2 720.4
3051        1173 1278 722
3052        1173 1280 723
3053        1171 1280 726
3054        1170 1277 723
3055        1171 1279 725
3056        1177 1284 724
3057        1179 1283 728
3058        1178 1284 727
3059        1176 1280 723
3060        1173.8 1276.6 729.8
3061        1173 1276 735
3062        1174 1274 737
3063        1176 1274 737
3064        1175 1274 736
3065        1174 1276 736
3066        1169 1279 734
3067        1172 1278 735
3068        1171 1277 736
3069        1174 1278 738
3070        1168.6 1279 735.6
3071        1165 1280 737
3072        1169 1283 732
3073        1171 1277 732
3074        1171 1281 732
3075        1173 1285 732
3076        1175 1282 728
3077        1172 1288 731
3078        1169 1282 733
3079        1168 1284 731
3080        1165.8 1278.8 729.2
3081        1169 1282 729
3082        1169 1278 730
3083        1169 1277 727
3084        1170 1274 725
3085        1170 1275 722
3086        1168 1276 721
3087        1170 1273 722
3088        1172 1274 720
3089        1170 1271 722
3090        1173.8 1275.6 722.6
3091        1176 1274 722
3092        1177 1275 722
3093        1180 1270 726
3094        1180 1271 725
3095        1179 1272 724
3096        1181 1269 724
3097        1181 1270 724
3098        1182 1275 725
3099        1180 1276 723
3100        1184.2 1277.8 720.4
3101        1188 1281 726
3102        1182 1281 727
3103        1185 1282 728
3104        1187 1282 722
3105        1188 1281 725
3106        1193 1285 724
3107        1189 1280 728
3108        1192 1281 725
3109        1191 1279 727
3110        1190.2 1276.4 727.2
3111        1188 1278 729
3112        1186 1277 726
3113        1189 1274 725
3114        1190 1278 729
3115        1190 1278 722
3116        1192 1277 723
3117        1190 1279 721
3118        1193 1276 722
3119        1193 1273 720
3120        1190.2 1277.6 718.8
3121        1187 1276 719
3122        1186 1279 719
3123        1184 1281 718
3124        1185 1281 716
3125        1186 1281 716
3126        1184 1283 715
3127        1187 1281 713
3128        1188 1279 713
3129        1188 1279 709
3130        1185.2 1275 711.8
3131        1188 1271 712
3132        1188 1266 712
3133        1190 1268 718
3134        1185 1267 715
3135        1184 1268 715
3136        1180 1268 715
3137        1180 1267 715
3138        1174 1269 716
3139        1178 1266 713
3140        1182 1261.6 710.6
3141        1181 1264 709
3142        1176 1263 710
3143        1178 1263 707
3144        1171 1260 708
3145        1173 1265 711
3146        1175 1259 715
3147        1174 1262 717
3148        1174 1258 718
3149        1172 1257 720
3150        1178.2 1258 720.8
3151        1175 1257 719
3152        1176 1254 719
3153        1178 1253 719
3154        1175 1253 715
3155        1175 1256 718
3156        1175 1255 720
3157        1174 1254 713
3158        1175 1256 714
3159        1176 1259 718
3160        1169.8 1255.6 716.6
3161        1163 1257 718
3162        1170 1258 721
3163        1166 1257 721
3164        1167 1261 723
3165        1165 1257 724
3166        1162 1260 722
3167        1164 1258 722
3168        1167 1262 721
3169        1165 1262 720
3170        1163 1257.6 723.6
3171        1165 1255 726
3172        1164 1257 724
3173        1163 1258 729
3174        1167 1261 724
3175        1165 1264 726
3176        1164 1267 723
3177        1165 1266 728
3178        1166 1264 730
3179        1165 1266 730
3180        1168.2 1259.2 731.4
3181        1174 1262 728
3182        1172 1264 729
3183        1174 1263 729
3184        1176 1262 731
3185        1173 1264 732
3186        1174 1265 732
3187        1174 1263 733
3188        1170 1262 730
3189        1173 1261 733
3190        1174.8 1262.4 729.6
3191        1175.44 1263.12 730.24
3192        1178 1264 732
3193        1176 1264 730
3194        1177 1268 732
3195        1176 1269 731
3196        1181 1267 732
3197        1178 1268 728
3198        1180 1269 726
3199        1175 1272 722
3200        1169.2 1268.6 726
3201        1169 1267 725
3202        1171 1265 730
3203        1174 1263 729
3204        1168 1265 726
3205        1170 1268 728
3206        1169 1271 724
3207        1164 1271 723
3208        1165 1271 725
3209        1164 1269 725
3210        1164.4 1268.4 730.8
3211        1167 1269 731
3212        1168 1266 732
3213        1167 1263 737
3214        1167 1263 737
3215        1171 1264 738
3216        1172 1271 735
3217        1166 1271 736
3218        1164 1269 735
3219        1163 1265 739
3220        1166.6 1266.4 734.4
3221        1168 1265 738
3222        1167 1262 736
3223        1167 1259 742
3224        1167 1262 741
3225        1172 1261 741
3226        1173 1263 739
3227        1172 1260 739
3228        1173 1262 741
3229        1169 1263 743
3230        1163.2 1265 743.8
3231        1162 1265 745
3232        1164 1266 749
3233        1166 1269 750
3234        1168 1271 751
3235        1166 1275 752
3236        1167 1274 748
3237        1167 1275 748
3238        1166 1277 747
3239        1170 1277 746
3240        1167.4 1274.2 746.2
3241        1163 1277 751
3242        1164 1272 746
3243        1163 1276 745
3244        1165 1279 745
3245        1164 1277 744
3246        1168 1278 749
3247        1166 1279 746
3248        1164 1281 746
3249        1166 1285 744
3250        1161.6 1282.4 741.6
3251        1160 1282 742
3252        1156 1284 744
3253        1160 1282 740
3254        1159 1285 740
3255        1154 1281 738
3256        1154 1283 736
3257        1151 1282 739
3258        1149 1282 741
3259        1150 1288 738
3260        1154.8 1284 736.4
3261        1154 1284 733
3262        1157 1282 729
3263        1156 1284 732
3264        1161 1283 732
3265        1162 1283 732
3266        1159 1286 726
3267        1162 1286 728
3268        1161 1290 723
3269        1163 1290 724
3270        1156.8 1288 721.8
3271        1154 1283 722
3272        1156 1283 725
3273        1157 1279 727
3274        1155 1277 726
3275        1156 1276 723
3276        1159 1282 725
3277        1157 1281 722
3278        1153 1285 723
3279        1153 1281 725
3280        1154.6 1279.4 722.8
3281        1153 1280 723
3282        1151 1277 723
3283        1150 1276 725
3284        1152 1278 730
3285        1152 1276 732
3286        1152 1279 734
3287        1155 1276 732
3288        1157 1274 731
3289        1155 1274 734
3290        1156.2 1273.4 729.4
3291        1159 1271 728
3292        1159 1273 729
3293        1160 1279 730
3294        1159 1279 734
3295        1157 1279 737
3296        1157 1275 735
3297        1157 1274 741
3298        1158 1279 736
3299        1158 1279 733
3300        1159.8 1272.4 732.4
3301        1161 1271 734
3302        1160 1273 734
3303        1160 1271 735
3304        1160 1272 737
3305        1156 1271 738
3306        1153 1269 739
3307        1150 1269 739
3308        1154 1270 735
3309        1152 1269 737
3310        1156 1267.4 733
3311        1151 1263 729
3312        1156 1266 730
3313        1158 1264 733
3314        1156 1263 729
3315        1156 1263 729
3316        1156 1261 732
3317        1154 1262 731
3318        1152 1260 732
3319        1151 1266 731
3320        1151 1262 730
3321        1150 1260 731
3322        1144 1259 733
3323        1145 1263 729
3324        1147 1263 732
3325        1145 1262 730
3326        1147 1258 731
3327        1150.4 1258 735.4
