100017477 102491013
100055420 100087889
100086901 100091896
100087998 100101514
100140058 101468421
100150461 100157225
100151006 101468906
100156764 100942528
100157551 101437747
100159070 101368706
100160720 101429413
100166663 100943539
100179485 100187845
100270565 100809718
100284618 100287027
10028599 10323605
100354994 100767566
10038575 10049555
100400319 106212882
100401406 100877605
100407088 100411629
100443255 100459031
10053617 10233238
100643891 100805750
100687900 100730702
100712230 101259149
100719395 100785518
100735314 100914512
100762484 101166565
100814169 101231964
100828391 100896173
100877949 106185814
100946928 101419935
100977338 100999229
101014615 101338158
101021007 101033597
101037645 101040002
101092820 126977045
101111923 101354041
101114622 101282933
101135246 101135674
101135895 101146048
101136094 101210085
101143997 106204642
101148451 101154229
101172784 101173157
101181131 101219658
101257517 101266185
101279683 101465167
101305615 101325799
101311437 101462321
101332178 101373647
101528676 101717198
101595925 126670524
101603003 126026620
101615936 126538800
101616831 126339361
101631272 101643109
101645055 125994440
101655086 102205433
101656820 101693631
101685614 126011850
101709334 126372548
10171172 35295929
101724414 101766033
101728891 126562674
101743573 101770241
101777900 102260217
101808353 126273029
101873179 101874930
101917021 132908040
101930647 101946500
101933132 101937801
101970550 101983945
101972174 132883218
102059803 128396750
102068537 102179695
102097740 102603923
102121420 102152837
102312457 102335749
102313090 102330434
102333318 102334065
10236378 10449672
102413759 102416758
10249704 10281467
102565317 102859285
102574398 102779061
102583694 102620728
102597847 102803802
102634892 102639818
102687140 102773948
102704929 102810401
102741263 102744061
102751764 102768140
102757461 103042490
102758860 102766535
102950842 132009138
10296445 10312274
102976793 103001036
102996782 132675855
103013099 132699924
103034602 103352318
103066179 103069549
103080916 103094365
103090833 103101374
103115807 103310083
103144110 103145092
103164128 103171174
103165775 103166879
103176447 103364546
103183964 103321960
103187717 103493969
103192045 103192334
103202546 103274952
103209860 103463215
103231359 103349386
103234749 103583041
103262265 103266598
103289475 103364546
103306086 103572555
103332017 103336676
103344419 103351556
103377129 103379792
103399137 103501345
10341825 10449953
103434136 103434526
103623293 103623578
103631655 129124094
103664852 107298577
103728249 103731318
103745895 103905685
103749274 103812836
103750963 103768486
103786721 103787316
103811776 103838547
103830644 103900171
10384102 10981302
103896485 103917471
103906078 103914403
103928384 129839032
103933071 131538104
103933880 104504874
103934874 103949831
103941641 131532847
103949067 129804791
103959077 130677387
103959303 130139940
103984540 104115897
103994081 104489361
104064047 104103050
104081686 104092941
104087285 134578236
104092214 127199306
104107217 104252899
104125369 135005841
104135613 104143653
104152992 104159783
104207336 105095238
104214976 104215952
104226553 129211100
104227646 128128674
104245892 104413398
104259497 127249509
104293992 104302769
104309709 104313029
104310077 104342258
104371155 134914730
104382542 104389290
104420789 105950788
104443199 104443611
104458005 127594430
104467169 127391892
104468553 104480533
104498768 108130543
104498932 131551449
104523735 127788792
10455948 30863873
104560399 127228020
104576842 111235455
104610058 129781620
104627403 108195489
104692595 127558188
104702084 104722060
104787496 104935174
104798305 104798548
104799298 104833841
104805911 104811045
10481601 14621003
104833840 132956510
104847407 104894318
104850301 104879769
104882656 104890146
104888933 142243770
104897611 104908160
104905568 104991113
10495389 30973116
104983477 105048747
104991468 105058747
105013034 105020673
105037078 105050621
10506448 14406233
105078366 105782855
105100645 105772152
105103132 105133651
105120322 105142282
105129072 105603420
105167766 105837125
105173256 133705508
105173422 105186025
105194217 105474664
105195314 132786066
105200908 105630985
105211344 132783762
105219412 105332687
105226297 105623390
105232390 105347341
105251460 105654784
10525149 30608527
105310392 132791158
105372607 105373556
105375308 105569841
105375832 126915362
105385990 105391446
105391213 105509341
105396507 105665209
105412228 105571472
105427433 127165601
105463059 105509844
105504501 105543549
105554712 136372213
105617395 134793283
105630843 134826452
105639493 134801808
105661658 129190121
105680975 105695625
105681548 105691771
105723485 105939727
105775744 105895805
105805033 132850496
105809523 105867974
105868390 105870933
105931829 105933187
105933858 105939862
105950423 105953279
106002021 126969327
106032700 106352728
106042237 106245539
106043089 106450079
106104953 106133211
106107338 106202755
106130749 106462158
106133211 106243757
106147676 106311192
106155417 119972588
106187800 106201783
106190587 106310010
106208677 106302926
106233326 106541541
106236546 106538140
106244993 106546230
106283319 106486245
106284988 106441672
106332036 106449361
106346140 106404640
10634849 12600939
106376950 126680500
106379665 106408372
106396314 126675971
106481930 106523911
106496584 106973720
106572454 106847129
106617126 106637242
106617878 106943612
106663212 128686337
106680637 106691393
106691393 107022552
106700974 107024925
106749759 118301654
106769642 118011544
106809966 106810879
106825649 106828315
106830319 128722804
106842523 106886436
106871123 106915603
106873616 106915603
106930617 106934801
106934801 106947706
106938764 106940769
106943419 106962155
106944611 106963197
106945279 125911727
106946618 106962958
106955771 106964937
107061185 127514697
107063564 107629109
107088945 128854313
107089090 128477246
107093866 128850944
107103141 107135192
107130443 107263360
107136860 118064832
107170833 128817286
107182058 107184014
107203421 107758083
107204659 107485444
107214122 128744464
107225044 107232033
107233371 107359211
107290103 122320876
107353477 122372211
107360040 107651645
107368557 107740616
107374909 107460229
107388669 107454811
10739758 12207497
107433691 124328882
107457877 128916280
107466030 128798045
107495311 107721934
107527517 107527921
107551997 107572708
107561482 107611879
107581016 107581310
107586591 107594461
107592795 107697079
107603674 107628647
107624113 127464287
107646698 107685766
107653096 107653627
107671119 107722476
107671765 122148758
107675136 107916535
107689981 107733208
107698069 107865068
107754551 121893759
107767817 108146419
107775543 129577455
107829589 107838766
107830654 107966821
107839814 107843054
107840431 107983216
107885250 108011699
107913048 108004288
107945384 107984687
107946910 107980262
108013956 108039756
10801723 18083160
108048513 108192600
108057887 108058186
108080742 108149273
108084602 108099373
108104918 108200805
10811551 10851646
10814251 17929890
108143091 108179858
108154466 108164959
108169261 108201413
108177977 108282560
108199694 108202116
108204695 108255088
108270522 108276140
108279270 129812335
108285995 108373593
108290943 108787533
108291805 108646970
108300451 108832849
108304676 108371664
108309589 108371899
108310630 108355512
108333772 108762307
108355181 108538451
108396777 108397584
108404418 108430447
108406680 108426860
108418907 108419726
108427848 108646715
108468332 108760695
108497616 108528162
108528380 108779718
108528380 108528815
108551796 108567853
10855623 14811267
10856016 11137998
108604537 146541561
108612919 146446132
108618751 108639756
108655860 137890614
108731910 145957603
108782567 145884040
108798842 108816552
108804291 108833495
108809984 108848438
108845073 108846145
108906149 108977939
108941905 146190210
108957440 109049267
108999308 109082523
109009658 109019964
109011520 110152482
109019631 109497359
109023499 109745029
109023986 109746262
109028817 109062234
109030242 110064660
109034789 109779854
109048501 109758409
109049824 109052620
109061403 109254045
109128172 114634523
109172623 115277957
109199243 152011956
109205925 114539502
109215337 114540995
109220220 114553881
109281264 114731059
109302052 109379824
109334177 110603207
109339661 110516269
109344470 109789280
109351782 109808770
109371161 109786330
109373677 109377913
109380450 114741724
109383968 110447792
109384798 114740084
109398802 109785716
109400354 109488784
109402193 109409782
109409703 110246185
109422556 110479240
109427495 110523157
109432737 110251494
109436431 109694493
109459060 110224741
109490636 109500079
109532316 110846679
109535031 110844908
109546585 110957646
109550667 110895076
109552784 111032629
109559325 110940850
109561965 109562385
109562624 109562850
109581228 109626856
109594048 109603770
109605518 125643366
109634721 109675441
109676168 109677789
109684897 110944198
109690733 109801997
109700175 110207404
109702632 110561496
109702633 110561496
109707275 146745702
109748322 145951777
109757022 146104106
109774893 110513566
109796515 110486880
10980880 13848429
109826815 110513099
109867176 125631079
109897468 128400306
109926412 110145483
109930413 109961481
109955459 110164618
10997525 11004416
109980698 145974877
109994210 146082195
110135777 110136267
110150917 110154117
110218628 110233264
110231878 146620090
110273662 114690165
110274721 147484329
110275068 147527634
110298393 151938734
110336613 110564256
110348766 114699561
110375792 147025693
11037739 11086438
110381305 148705127
110440088 114730297
110549735 147070932
110550524 147055714
110552113 147537816
110565488 110644600
110588237 110739497
110593666 110876247
110616836 110716541
110617601 110622373
110625774 110644145
110639924 130574856
110654582 110739497
110655749 130560106
110701596 110714953
110737300 110764887
110786141 110862478
110810740 110915748
110847005 129884893
11085757 11096939
110880074 111396807
110908239 110969309
110909122 110969738
111017082 129712110
111028056 129716900
111099617 129289416
111180258 111411895
111180745 134045432
111190770 111387171
111190958 130212408
111192152 130685359
111204801 129867513
111222152 111230279
11136227 38320216
111380314 111389866
111385284 111643215
111400937 116614259
111401042 145942102
11143588 11196925
111461756 113091699
111463390 113083855
111483926 112989813
111491370 130536733
111518574 130218964
111555470 111644085
111642777 138944062
111676464 131168484
111701749 130331329
111739305 111741561
111747723 135666805
111801183 112891016
111809642 112860497
111866895 112123761
111877170 112015443
111879481 156769010
111887027 135663693
111945462 112749890
111949694 112073607
111952843 112053164
111971176 111978832
111983787 112136173
111988602 111989185
112001463 112719704
112032257 112879887
112114567 112790186
112159108 112307294
112169882 112525490
112196270 112504393
112205909 135375985
112249408 112256650
112323479 112348502
112360075 112366080
112472416 135396790
112478192 135470652
112766209 135091459
112782191 112786845
112784849 131126925
112792307 131039800
11280512 37842742
112807421 130943523
112890115 112894751
112893981 130236952
112905824 130253572
112920227 130267948
112920227 112946076
112959042 113084100
112960085 112982140
112976359 112980089
113019619 148691639
113043230 146618620
113049605 146887003
113081120 146521509
113099474 130576668
11311765 11402243
113128119 113213039
113138077 113141197
113139700 148637045
113152658 148663612
113154561 135838869
113216830 148070897
113223078 148762214
113229902 147457425
113234355 148072307
113549716 154827268
113558690 154857905
113563184 138989313
113570113 139047958
113572119 139041725
113572517 139052123
113591859 138967118
113650979 147854271
113654319 141087329
113683433 113688149
113766169 154812942
113778128 139163281
113827501 113830152
113842103 151562351
113871550 151580460
113912766 152801229
113937374 152598312
113956338 154057573
113962027 152898430
114047088 114054470
114050199 114094762
114056616 114091344
114066380 148001638
114068013 147744709
114081714 138999116
114096553 114109401
114114376 148004091
114189385 114231323
114214638 114216434
114221333 114267325
114221654 152178276
114237917 149415514
114248303 149542721
114252418 152515893
114299807 139557336
114308745 114347228
114333231 114343902
114354469 152074409
114385835 147844325
114393947 147985717
114410914 151796739
114415481 151806568
114438862 152079146
114439496 152045088
114439496 152045089
114455320 152205375
114499941 115033272
114500536 114501890
114506479 129443594
114507409 115086165
114536554 152917920
114562578 149046869
114578564 114580986
114633909 134175751
114634709 146063010
114647491 149136038
114654062 146157299
114721695 135421357
114777158 151993255
114844327 146157706
114870941 115063536
114872420 146150747
114883722 115163826
114888579 114909406
114901422 139458479
114912525 115004696
114921779 115000734
114947611 115327110
114956189 115252445
114971895 139966934
114996007 115183565
115000117 115013073
115030912 115053175
115030912 139376419
115043446 149204440
115064373 115085249
115065002 115127657
115110617 115113497
115152566 139970990
115156278 115162433
115188639 115205168
115208173 125247002
115215676 124685184
115257928 115262906
115259099 116575289
115284823 133664959
115299306 151777164
115305488 124865354
115328031 124642558
115342313 116420861
115353614 139407509
115353614 139407510
115376365 116252330
115379325 116242953
115380249 115833989
115386035 139804083
115388486 140598180
115389000 116157264
115404248 115626151
115419990 115484509
115463921 115466497
115484588 127167315
115542293 139811469
115553152 115561521
115553152 115584134
115559465 157156305
115618322 139806501
115644179 115997056
115681894 116335728
115682816 116495048
115724372 115974603
115725676 115794386
115737615 115853956
115742980 115752035
115788519 116057320
115833989 139741766
115867402 115873541
115872134 115894204
115880281 115882629
115884982 116311319
115897496 158031047
115905830 116063034
115937300 157863474
116013765 116040331
116016140 116081807
116046030 140254149
116058297 116259225
116060540 116120890
116067327 116225563
116110706 140555112
116112396 116411256
116142704 140588116
116144524 140273420
116148074 116148392
116165291 116200969
116180597 116189655
116191601 139658297
116205944 140080929
11620728 14382247
116273677 116415425
116286408 116425132
116325521 116513111
116355197 116571950
11635531 12983248
116369762 140937595
116375976 116549295
116438041 124978093
116451992 116458919
116463812 116501403
116535961 116540545
116552598 116578211
116559398 149201501
116576442 125037755
11658846 11673272
116607336 116634948
116613984 116615200
116615250 116615965
116628565 145940555
11663331 11672355
116661990 140992675
116698777 145967798
116724294 116839126
116728814 116840364
116729378 116744455
116746341 116888933
116749068 145968385
116752018 117055622
116752381 116756480
116772371 116785019
116799425 142659983
116832447 117095112
116884333 116885932
116897686 142290070
116897686 139973227
116952746 116956144
116957857 145297169
116975926 116976308
116986646 145020507
116998219 144348397
117007390 141902828
117010196 141564843
117054619 117110640
117060717 139958076
117122332 145293058
117128620 142673106
117135209 117155961
117154793 141867242
117172846 142269877
117176508 142231770
117188111 142248927
117213326 117229094
117224712 141769305
117233426 117249786
117251792 117266243
117269430 117273837
117275815 124000104
117293167 125421815
117294528 141766675
117304077 117305543
117317881 117366201
117328724 141756181
117348036 124582489
117354149 117401034
117409967 141003953
117441696 142250908
117458092 145336533
117476072 117663001
117490860 117674993
117501672 122579694
117515356 124219816
117516100 124335665
11752043 12737517
117536634 123954930
117553230 117683109
117555947 117684832
117558615 124354126
117614277 124347987
117655203 144853815
117663001 117663562
117666733 145308997
117720729 117735651
117722646 117789287
117732803 123533949
117738104 123533631
117750906 117785090
117765835 117848227
117768212 119697022
117769536 117775547
117789251 117853565
117791806 117833777
117794302 119864932
117796566 119930961
117796971 117799637
117813749 121140796
117822216 119715022
117828147 120380920
117833275 119738339
117847637 117863340
117858898 122626810
117865397 117898684
117878768 122679149
117916368 117996381
117978405 119664421
117983164 122431285
117992514 122669962
117997709 128823429
118024781 118168041
118037497 118333023
118111618 118839082
118115766 122712252
118131146 118246270
118149885 118332092
118216551 118321729
118238206 118271674
118247599 127356332
11827631 11828105
118325046 118329387
118361507 118382652
11838687 13136019
118452191 118458573
118474379 119038109
118477662 119417111
118516642 119175626
118532981 119117823
118548756 119141648
118554124 119137259
118615669 119018940
118639697 118663485
118648888 118701682
118663523 118721346
118695869 118702878
118723033 118748743
118751127 118804109
118785828 119265096
118786365 119650388
118789291 118870583
118876404 118877997
118883023 119250381
118883629 119000669
118884691 122713234
118938695 119479007
118943033 119418956
119000334 119608784
119020870 119577408
119027043 119585310
119036437 119071708
119042303 119058655
119081786 119217358
119157272 119159630
119162196 119223940
119280441 119282311
119294603 122475840
119331179 119346718
119352047 119364701
119365410 119598542
119377344 119829203
119409369 119916293
119416243 119880285
119442999 122371213
119446029 119681979
119448669 119908140
119516019 123050684
119518224 119535816
119544289 119544868
119615901 119617874
119674611 143418587
119677920 119690300
119724539 119930562
119744815 119852109
119770345 119779014
119801313 119931436
119811961 119839319
119830646 120445362
119831063 120438388
119856713 119914859
119859820 119866997
119921718 119936888
119932463 122874604
119942335 120412640
119965203 120369652
119987660 120296368
119990209 120119108
119995603 120299143
120002552 120067836
120005955 120774708
120027749 121039877
120041236 120053360
120070392 123240341
120075652 121066908
120096532 120098319
120118851 120800409
120138848 123399917
120145585 123639172
120152878 120664393
120166543 123499850
120168329 120652336
120173393 123722240
120189566 142533899
120191733 120203958
120231608 141880486
120264042 142447371
120272798 120750512
120325307 123419481
120333773 121093870
120353878 121136158
120367620 120398249
120377538 120381664
120379507 120396467
120427649 120431066
120465879 120602706
120510179 123149424
120525856 123130962
120530594 120586106
120549991 120576034
120552424 120557331
120556178 123140943
120556902 120586258
120685140 142811806
120697038 120921020
120697624 120954176
120698287 120753889
120704401 120920072
120713683 121036347
120756768 120951447
120811013 123351951
120816582 123041462
120837467 120843507
120841042 123171287
120853252 123115216
120860498 120889747
120866464 123101138
120869275 120880640
120870536 121043051
120875626 123100386
120891644 120897530
120900827 121057423
120950270 144225595
120961011 127294429
120965560 120965845
120988241 120992725
121040226 121055439
121070105 123364821
121073422 123239264
12115810 38333686
121174206 121331137
121188027 121236115
121188208 121190932
121188802 121195540
121209487 122557071
121225095 121234612
121235894 121355671
121244266 121307800
121264548 121529906
121276321 121366298
121285078 123143119
121315433 122522872
121322787 121511162
121324839 121361373
121324870 121397901
121340383 121365683
121349457 121387295
121359661 121429788
121360803 122931653
121363029 122527857
121364110 121431350
121388270 121390333
121389033 121429547
121391767 144534303
121422496 121423539
121470186 121531108
121485619 121518505
121488039 121492944
121490936 121545597
121494537 121545111
121500774 121502685
121543142 121572167
121556695 122079341
121568048 122052514
121581015 121583307
121605113 121611157
121617788 122013353
121625593 121688606
121629124 121630504
121646297 121649621
121647853 145821272
121670717 121935599
121704713 121714168
121706984 121741847
121709631 122110246
121773035 122197488
121808003 121837259
121849006 121880019
121853594 121916875
121868157 122149386
121896073 122138774
121939308 122133154
121964231 122190631
121965224 121994942
122103323 122340283
122103643 122237518
122105900 122349696
122106599 122111014
122111175 145580008
122130788 122400391
122148675 122149647
122148982 122162404
122171715 122383825
122173501 122191765
122173744 122394705
122196048 145582829
122211098 122235626
122211549 122218733
122217558 122359617
122249311 122258408
122269392 124130675
122280682 129495781
122286637 129491553
122292621 129490961
122300145 128592997
122343587 145223311
122349098 122350500
122350761 122422178
122374861 122492767
122377804 122439804
122384639 122423271
122387441 122547375
122445460 122446920
122446368 122472322
122446920 122478988
122457397 122462615
122477122 122504080
122481995 122487025
122492017 122501360
122497218 122497485
122504337 128506456
122517967 122603847
122519384 122530000
122529768 128509188
122531139 128496748
122543745 124472172
122558387 122561605
122559664 122560022
122562168 122563977
122562542 145554132
122563332 122635814
122575918 124221543
122586291 124378737
122605673 128489433
122614995 122724073
122615095 122660375
122658729 122683002
122688799 123034717
122706382 122882023
122743477 122920981
122747151 122922293
122753982 122850010
122762262 123061791
122812307 122893278
122863418 122872448
122909271 122921308
122956739 123506539
12298100 12360201
122999254 123016734
123037893 123157428
123043993 142868229
123057338 123060843
123064301 142890861
123109039 123136849
123135792 123312359
123138394 123287247
123161870 123163952
123230046 123360028
123255874 123279172
123300707 123303324
123378490 123467450
123383678 144548780
123390420 123597541
123393054 142375676
123395156 123453411
123417987 123839515
123476431 144535696
123528251 124270982
123558377 143115286
123568326 123606122
123645502 144674930
123715516 124228088
123767948 123866769
123771855 142569911
123776352 144399853
12379878 12383143
123859323 142588023
12386425 13873593
123897264 144680178
123897529 142541702
123912156 145243606
12394924 13891623
123970291 123978517
124016659 145051221
124074052 145377898
124083028 145446467
124114866 124138495
124115477 124142453
124117281 145403079
124134231 145595747
124155022 145726717
124326947 124330993
124327513 145569637
124364605 124367214
124467044 124467496
124512380 145590490
124512758 124514661
124556095 124564561
124565406 141520435
124567626 140553838
12457399 12460601
124634398 124704029
124657942 124813955
124669673 124752943
124669977 124714708
124673540 124693226
124728573 124751692
124735488 152695807
124747382 124751248
124893844 140949358
124910060 140905101
124920313 124924856
124945576 125016295
124945812 125018645
124953280 140711968
124976343 131205806
125028802 140939419
125041514 125263515
125084730 125150655
125096471 146017940
125121435 125493016
125125562 125132603
125142208 125164844
125153618 125165099
125158990 125386140
125201310 125255287
125247352 125249084
125328912 125334147
125332151 125386665
125410053 125416971
125432331 125460931
125446781 125460554
125471214 125471924
125497146 145409489
125510396 145431350
125529619 145420213
125543818 145472774
125555312 146003477
125565773 125567881
125608019 125616527
125608560 125626736
125613887 146017557
125616098 145436460
125649817 145498949
125655936 128393392
125663496 128400469
125670023 128371023
125683959 128292750
125703349 128305713
125730350 128331655
125791383 129155705
125791658 128972066
125801693 125809734
125803777 129454912
125838483 127086372
125843512 125845358
125888505 126999311
125932535 125941602
125979187 126888494
125983411 127139561
126036833 126436358
126049530 126058280
126058537 126808100
126100976 126238139
126114860 126546765
126214479 126214884
126256563 126494202
126466600 126470179
126483831 145235157
126492425 126497473
126665344 137069721
126690409 140246397
126700538 126805605
126809044 126842253
126977462 142643843
126996185 127002890
127026411 127434380
127052657 127416534
127067730 127098192
127165309 127429282
127170658 127175355
127190318 128024431
127290994 127628439
127299548 127301544
127331563 127378836
127370980 129149263
127377633 127653098
127387999 127623869
127425411 127735821
127451231 127452107
127487511 127490843
127549200 127552996
127552361 127607727
127570017 127573208
127606070 127930608
127659421 128995033
127700758 127701900
127702169 127834979
127722199 129392348
127815841 129378565
127824184 129387449
127824758 129619404
127827402 129610267
127840446 129701094
127893564 127899379
128024838 128100730
128206442 129098144
128238052 129253079
128255180 128295038
128273245 145534796
128280554 128420458
128328230 128433847
128361473 129185769
128398277 145496836
128427196 129196627
128433075 128434365
128468130 128915496
12848955 13024822
128491042 128874292
128499177 128851310
128532983 128536979
128534523 128873674
128587536 128880766
128607234 128607903
12861436 12867919
128651363 128659305
128719813 128816429
128748368 128798402
128862829 129073589
128877499 133159750
128969465 128973245
128980376 129006242
129082889 129411032
129105828 129354891
129108160 129108503
129186605 129248770
129285289 129321717
129288578 129375675
129362660 129369840
129381150 129389034
129446172 129575647
129474758 129558976
129478745 129522236
129508855 129515797
129518359 129548518
129545357 145569397
129547533 129550632
129553004 129566831
129581671 129611898
129587687 129589920
129587701 129602026
129659559 129679851
129683343 129710073
129688425 129695509
129695801 129739215
129709699 129710073
129758066 129876781
129771495 129898603
129777903 129858456
129781546 129794869
129807329 129809719
129814880 146478686
129843998 130652270
129848750 138500729
129871166 130657476
129894858 129895235
129933362 134048411
129946230 129947686
129952569 131650872
129965258 131249513
130015753 130625735
130023897 130029987
130033697 130626894
130040491 130202826
130043038 130755225
130062835 146568066
130077899 130866581
130085012 130117578
130089115 146706117
130110082 130285679
130128838 130880472
130162839 130302495
130224154 130474280
130224845 130243881
130238665 130276417
130297974 148543401
130310004 131176516
130315038 130475285
130340852 130417653
130372798 130482957
130374109 130398417
130391396 130392597
130392175 131176282
130434994 130979697
130436109 131017914
130470202 130489374
130476716 130505296
130479200 131169141
13050829 13052542
130612226 131240576
130615600 131179065
130645398 130648751
130655033 131529291
13066564 13144297
130674096 131532802
130686266 131348861
130709739 130766076
130711843 146547195
130717752 130746026
130737034 130749644
130742201 130747885
130754996 130755573
130761763 143180023
130764340 148559479
130803687 131143802
130843927 131280776
130843984 130866535
130929846 130950154
130938519 130953020
130938748 130950373
130946672 130989980
130954259 135094747
130954853 130989850
130956516 131013265
131019188 131667586
131039565 135087638
131053546 135055341
131088509 131096854
131123540 131127988
131129726 135271830
131246409 131252018
131269695 131270473
131291455 131488001
131304026 131465240
131305013 131347553
13133795 13173585
131362792 131504180
131476503 135302260
131479700 131501674
131581363 131586815
131586092 131595898
131589392 135287676
131606785 131834919
131607265 131634264
131631370 131645944
131662428 131697760
131663852 131664499
131758696 131780076
131772294 135111322
131832930 131835495
131833652 135261174
131861847 134255682
131902524 134247687
131919774 131938059
131957328 132119603
131976744 132156075
131980125 132483779
132036687 132135469
132054818 132077534
132126760 132140186
132157738 133790630
132172578 132485498
132173619 132181742
132190598 132485261
132217557 132223032
132280269 132287830
132311466 132311722
132316615 132381025
132368372 132454751
132379870 132429011
132390214 132572997
13245016 13523786
132516017 132526273
132523365 132660725
132540880 132675346
132544108 146579049
132624436 132628410
132659276 132660073
132719389 132769041
132749019 133173190
132760590 133144592
132761400 132773204
132770889 133146770
132774723 132788341
132789907 132790914
132858689 132879014
132860109 132861106
132870812 133118550
132882548 132884452
132890299 133038714
132925271 133042937
132927210 133028277
132932344 132994828
133010622 133547256
133031568 133032239
133035573 133518795
133060311 133076621
133164458 133166765
133207122 133755771
133238043 134434425
133242774 134479124
133264441 133287588
133276950 134516069
133338564 133341580
133340551 134662419
133368565 133480222
133393314 133394136
133423739 133862469
133432936 133661580
133443678 134419961
133457307 134448566
133458007 134330058
133458452 133653608
133475099 133656281
133480996 133624685
133485473 133555568
133500876 133594689
133533747 133535317
133585540 133600592
133598637 133598862
133617119 133622744
133647768 133660280
133653304 133712744
133660673 133666221
133694006 133697041
133696457 134446016
13370508 13395380
133848843 134312090
133852397 134166479
133906508 135345284
133908399 135047203
133924432 133925620
133924454 135027855
133929507 135204010
133929851 134369877
133986677 134564494
133995328 134151800
133996809 134151698
133999404 134002933
134033334 134044913
134066703 135192372
134083806 134134923
134121176 134122664
134123889 134622436
134124222 134562806
134136099 135061441
134173053 135250498
134213634 134653477
134233222 134311472
134243146 134282723
134253934 134267216
134292206 134297233
134332161 134371666
13435481 13523331
134368927 135016232
134382223 134383792
134405751 151928544
134448751 134572823
134471724 134473825
134567004 134619772
13466964 13469620
134671927 134938248
134681432 134946691
134699475 134984852
134704192 146145347
134763390 134778442
134787217 134924689
134802124 134917560
134960657 134960987
134961953 134969193
134979710 135018241
134987514 135023526
135022217 135025277
135071820 135083434
135113123 135113587
135195314 135198799
135232966 135260548
135272056 135329264
135290541 135292321
135298383 135897063
135314887 135691997
135360194 135373061
135374829 135433200
135375498 135748479
135376417 135473506
135393538 152660901
135399781 135407120
135399851 135411040
135429433 135444442
135434938 135576124
135490357 135713138
135563696 149020042
135589481 135700233
135647910 135759627
135755957 135760175
135757688 135784921
135758258 137044423
135758258 137044424
135760561 135763585
135791074 138052727
135796812 135867132
135809464 135863796
135812900 136038740
135814487 136649362
135815479 135855313
135817608 135825411
135819923 148531008
135852023 135852282
135881771 136085040
135908806 135909201
135924129 136110641
135929428 135934377
135935451 136112207
135936552 135941939
135938554 136660970
135955372 138023490
135965831 136144055
135986354 136010761
136015058 136201676
136043651 136043844
136162874 138018977
136165536 136566216
136182149 136564010
136188021 136735274
136226768 136761026
136258192 136584726
136303344 136674712
136307434 147206519
136342057 138086467
136377528 136807896
136389119 137875966
136401315 137924712
136402050 137862441
136408808 136430104
136434247 155394314
136451891 136495565
136471921 137088356
136476509 137245380
136484413 136834418
136490468 137313982
136495667 136509276
136499123 137323639
136507452 136869021
136544802 136758960
136563843 136749877
136578686 136579354
136611830 136943040
136638303 136686031
136638303 136957128
136644227 136647088
136661307 147265267
136706120 136707887
136715126 136721545
13679057 15840083
136796149 136858855
136821578 138115034
136821578 138115036
136849255 137326915
136864179 137340838
136872903 147205145
136876857 136881838
136895573 137010428
136981102 147938835
136986417 136989810
137033887 137367095
137079924 154987981
137082682 155388585
137096117 137116141
137096525 137108419
137103869 137414507
137121319 137129379
137123341 137300788
137178243 155237356
137179949 155478652
137188152 137191730
137204140 155492735
137206708 155332974
137220815 155455668
137273704 137685312
137291327 137475854
137328404 137347771
137332870 137369693
137335408 137373180
137347617 137348963
137357165 137731998
137487043 154954112
137543131 155015386
137546211 137724408
137547834 137641458
137555171 137617258
137556553 137899304
137563465 137619326
137572796 137609811
137599308 137729464
137608942 137717045
137625319 137627518
137626639 137632212
137632964 154970072
137644152 155393440
137683989 137737412
137709680 137717628
137710841 155384388
137730566 155030918
137783054 137818020
137795949 137802967
137830430 137832572
137845523 159890114
137855214 137894597
137857333 137937678
137876327 137876653
137937190 137963514
137982315 138152639
138081284 138882208
138104924 141698861
138181767 148437324
138190590 138196336
138198003 138513976
138205202 148222033
138209509 138498357
138215139 138504947
138215365 147470744
138221686 138369024
138224155 138413786
138233167 147477995
138233167 147477996
138256205 148838644
138271844 146384826
138275236 146553072
138285084 138417431
138288300 138473663
138295793 138417752
138334800 138335084
138379392 147478582
138381290 138381562
138383406 148447705
138402856 148465914
138410147 138422193
138411021 152393848
138415687 146326664
138417039 138596284
138424091 148309371
138433391 138584308
138436848 148880381
138440574 146332376
138443327 138554888
138444104 153930929
138451976 153919655
138452246 138577999
138453016 138453800
138453522 138557073
138454600 148963509
138456178 138551177
138472061 138474875
138503188 138553792
138512959 138554888
138517755 138523106
138525114 148416319
138530805 138559078
138544075 138562466
138545908 149086341
138557073 138567955
138563575 149066875
138564193 149091800
138582162 138594996
138584876 138592132
138591583 138594827
138597943 138604021
138644039 138673846
138662272 152569994
138663092 138724231
138673359 138952665
138690432 138694544
138700819 152357489
138707376 152437341
138708844 152459178
138722898 154048929
138731416 138737594
138814052 146707380
138875485 138926766
138893250 154361724
138898719 154020602
138942015 138943874
138966066 154087559
139014867 139067164
139036514 142382449
139112858 154838603
139125750 139162002
139144741 154243573
139165638 152814200
139181000 154690463
139196104 154607449
139200473 153084627
139211537 151561026
139218824 156880854
139223786 139637220
139231920 153084758
139233288 153079532
139272551 139307554
139306086 149487630
139397520 139985351
139402263 139642531
139439615 139475409
139439616 139475409
139445821 139867221
139452575 139794060
139497786 149161419
139528562 139528834
139543865 139544030
139592398 139814145
139607049 152200751
139655953 140192812
139668485 139825281
139717931 139722081
139719088 140007364
139719550 139739719
139723663 139839130
139776178 139782095
139858482 139860079
139876872 140793523
139913228 140222822
13992112 28207664
139985145 140007739
139986640 141106813
13999892 14389440
140046977 140505508
140080805 140093998
140086145 157801323
140093766 140172986
140096587 157805555
140238119 140550044
140243017 140245248
140265535 140919686
140266225 140330986
140278267 159454984
140303339 140759621
140326971 140399513
14038691 28238059
140388341 140394231
140409007 141419289
140415558 141808327
140445733 159524148
140726216 159511563
14073928 31586160
140745903 159526255
140750203 140880458
140779640 140782169
140845312 141663963
140845349 142096568
140890320 141197117
140895909 141178811
140906054 142083405
140914230 140935806
140933793 141018762
141020838 141815280
141100439 141103319
141142247 141146900
141160914 141197333
141185223 141790877
141189033 142039669
14129447 14495772
141328440 142293241
141334823 142017238
141366610 141530794
141372629 142058459
141375308 142089595
141378037 141976304
141389093 141394684
141401353 141527664
141406019 141425450
141446949 141447409
141453323 141462586
141480278 145124414
14149168 14149572
141562752 141789447
141563639 141828590
141588728 141655185
141597380 141655669
14161396 14169812
141632680 141960911
14164251 31650841
141644241 144973364
141654274 141752966
141659260 142070561
141669254 141792437
141676052 141688936
14169323 31236967
141703703 141710012
141720361 144935739
141730593 141739695
141732653 142073017
141748828 142249599
141920252 141936697
141989725 142214172
141993014 142291927
142045787 142268847
14205667 14206859
14217692 14443367
142218658 142266315
142350939 144361483
142420610 144401471
142434304 143273144
142439439 143632706
142472546 142953850
142472942 142807664
142473098 142732250
142495422 142772228
142521074 142755820
142548457 145034364
142564688 144678167
142593642 145070827
142601666 144411471
142604780 144359636
142634847 142657537
142642906 142647375
142650329 142665071
142658490 142664325
142673499 142676689
142674170 142745790
142713818 142716612
142719990 142824379
142721190 142762495
142725579 142755030
142745790 142929079
142758753 143075551
142765252 144141659
142807861 142810546
142809716 142921978
142818846 142923320
142866790 142918243
142924118 142930010
143155281 144256415
143188004 143608965
143229162 144045898
143259919 143273557
143318533 143882998
143325240 143331654
143395374 143800054
143409500 158784911
143434371 143447987
143457042 158717090
14350902 19143227
143540791 143561568
143574029 143579774
143578013 143904639
143594827 143941179
143606017 144000484
143620419 143999863
143802194 158816467
143963845 143965549
143964555 143983842
14396979 14635237
144041146 144053695
144136348 144143503
144150287 144287668
144151662 144280163
144158480 144206894
144166620 144192553
144216833 144232584
144218628 144225716
144309902 154010977
144323311 144366488
144328264 144426957
144346427 144379284
144365514 144450131
144368568 144378809
14437347 46730423
144376172 144409477
144379284 155233499
144493924 144506452
144572874 144626567
144612816 145142439
144631396 144632653
144638813 144712656
144672471 145256772
144686006 145264194
144727201 145006560
144767795 144780255
144777598 145085936
144785721 144845162
144810231 144839719
144825717 145143341
144845728 144875203
144882816 145143524
144930194 145360447
144935361 145028620
144939189 144996976
144992110 145101023
144992258 145011909
145040631 145299884
145049240 145325720
145210784 145681887
145337432 156149738
145477662 145500098
145570116 145745731
145581403 145617960
145585944 145745499
145600260 145600570
145614890 145645137
145675907 145686623
145684730 145722091
145685756 145686799
145693348 145736497
145698568 145701227
145714692 159591248
145717878 145786835
145731387 145808093
145739638 145741176
145771534 145842487
145789941 145931393
145805295 145880758
145805546 145880758
145831483 145883308
145901591 145927235
145904676 145927561
145981100 146007855
146021813 146022095
146081734 146081952
146133512 146140713
14615600 30626033
146174283 146189683
146177724 146180660
146180921 148987888
146216116 146217938
146218724 146252521
146226497 148825196
146232935 146955741
146247764 148208402
146250731 146963927
146256080 151980693
146260334 146301244
146261583 148854997
146284237 151755210
146286838 152046723
146287585 147529321
146288121 152296218
146302168 148927642
146316758 148840097
146349223 146768723
146366716 146415270
146371929 146518665
146379515 147332612
146393401 146400350
146398968 146418241
146399453 146402896
146403028 146762487
146415730 146425920
146453327 146946614
146458950 146510385
146471569 146502028
146471781 147337486
14647458 19129328
146491401 146610212
14654922 28180246
146550479 146771847
146560654 146758106
146610006 148726119
146625478 146731476
146675736 152721846
146686572 146737433
146702865 146708653
146818692 148600777
146841401 146893345
146844340 147063667
146844709 146918073
146879908 146880167
146891098 148688007
146933544 147493351
14693630 18855960
146938659 146977100
147010003 148789611
147016536 148736077
147023626 148735529
147024552 147517153
147025567 151710885
147032113 147598696
147076490 147613720
147098754 148744425
147134266 148637681
147137166 147612113
147142676 148644721
147161501 147264760
147163320 147272853
147213969 147214279
147250211 148508727
147271938 147275846
147292803 148550214
147309057 148593714
147318717 147349552
147453349 148614357
147461679 148228509
14747501 14809559
147488366 148237788
147488490 147489574
147505837 148236269
147507149 151699355
147547364 148769341
147578802 147611957
14759393 15179641
147598840 151810789
147646102 148179394
147684860 148377268
147704843 147759679
147726880 148114797
147742913 148785920
147745552 147848315
147747069 147863510
147757297 148008501
147768112 148168027
147772436 147815152
147801924 148157620
147823855 147828466
147847745 147949415
147878087 148387784
147890879 148371048
147916901 148363319
147919796 148185587
147947173 148153253
147955102 147956178
148138017 148454635
148167099 148169171
148202789 148848487
148266054 148926862
148286440 151735085
148334134 152304270
14844633 15885466
148458392 148462421
148469998 148477548
148496967 148518798
14874608 15277894
148761492 148764649
148801577 152044862
148853137 148908689
148854997 148966487
148866930 152320896
148903465 148903702
148908470 149624106
148966251 152281140
148981415 152307256
149006613 149115633
149034735 149040641
149086942 149192437
149111271 151970204
149315970 157085099
149324185 149541955
149340336 149438475
149343465 149432226
149347297 149898709
149348040 157037706
149352365 157464982
149352625 157195332
149357967 157470463
149370927 157225354
149383264 150205019
149388509 157110601
149392052 157154670
149399845 157490429
149402120 157031911
149416056 152918254
149417913 157485883
149440051 153403260
149441401 149446082
149460956 151590617
149478515 153350131
149518681 157492262
149606371 151428282
149631696 153307484
149633299 151478355
149637028 149649749
149642355 157604875
149642829 151279092
149698719 150397874
149733564 149736366
149735223 149748709
149751518 149765358
149794667 156845843
149795291 156842894
149795481 156787686
149836530 149967608
149840273 156808483
149843742 151522253
149850411 149949332
149904693 157894804
149936013 150050777
149968104 149984426
149988408 153249334
150015397 157611014
150018805 151349810
150060813 150086429
150061162 150194879
150062400 151123802
150116921 150190363
150134451 150153462
150207327 151137597
150212260 157191101
150255207 156808722
150259874 157206116
150277018 150279550
150308810 159476859
150321789 151130198
150385509 150412522
150425841 156054853
150426576 156042356
150427589 156044621
150440763 156547357
150463861 156837520
150554512 150838867
150570196 156693932
150584675 151174793
150623813 150859522
15063984 17939999
150652333 150701228
150665284 150748375
150689826 151264184
150719100 150920562
15075680 100871318
150760519 150782178
150855694 150871504
150859614 151191720
150910625 151023118
150946824 150947116
150985040 150992512
15102620 18076468
151031559 157726876
151041086 151200983
151129192 151130012
151158012 156783248
151178450 151180198
151197806 157725655
151220663 151432348
151261001 155819995
151394103 151401659
151394870 151409343
151562646 154753921
151563416 157436175
151608937 151609559
151615577 154112415
151642724 152187033
151670140 151769829
151682441 151686799
151802301 151892636
151848900 151871704
151892330 152045088
151899763 151924004
151935865 152030405
152075608 152076014
152117655 152235499
152118285 152226782
152122240 152220037
152193545 152232858
152200300 153457550
152204162 152207607
152213589 152558318
152233318 152424330
15227440 27955912
15232334 28220090
152357489 152365675
152391177 152453079
152423379 152525643
152433219 152643853
152530033 152643809
152543360 152710898
152613057 152693730
152618599 152619959
152629561 152917692
152631395 152777658
152634080 152663429
152670422 154166896
152729964 153869043
152731964 155372841
152748586 153304914
152759908 152990243
152785363 153376686
152813021 153058129
152822358 152998339
15283358 15285946
152857637 152940965
152865779 156973564
152873977 152880061
152891885 153111734
152907548 156882301
152991555 153003898
153010882 153012133
153022840 157329514
153060498 156302358
153121618 153255267
153131472 153140870
153141319 153150147
15316181 15317970
153165029 153586653
153200792 154198828
153217401 153220772
153238187 153259899
153249334 153534087
153251476 153534710
153264844 153273149
153277800 153682996
153292944 153310393
153296786 156056733
153299968 156945958
153320661 153352449
153339572 153357090
153354888 153360934
153355099 153360934
153355677 153359343
15336494 15338620
153367003 153823418
153383247 153535174
153384841 153843500
153394467 153637680
153410087 153740519
153429290 153739252
153433586 153459149
153462402 153479735
153486542 153494824
153505295 153505542
15350839 15843393
153518287 153830514
153523588 153527692
153634014 153692190
153645089 153682674
153652815 153668070
15375524 15867264
153759349 153766437
153849068 153963731
153849821 153897846
153851021 153935246
153912148 153956752
153937953 153966334
153983825 154051249
15401819 15413957
154089787 154093180
154105456 157209974
154187083 154234955
154210680 154243573
15422926 15467235
154286413 154304891
154398044 155666867
154411045 154422438
154411417 154424220
154475455 154479019
154536099 154728292
154563039 154860335
154630332 154653821
154648316 154649769
154649082 155945024
154649769 155991026
154667279 155680381
154705836 154719520
154727185 157423959
154747589 154750164
154748263 154782064
154755693 156348268
154809749 154874825
154821064 154827268
154900163 154928121
155000006 155493024
155046464 155580999
155107658 155111925
155130116 155185991
155210434 155211976
155221303 155230851
155237099 155248720
155248399 155497349
15525349 15545010
155281556 155529269
155365598 155367386
155399624 155434599
155401879 155424273
155604009 155618632
155626437 155627996
155645147 156404009
155686899 156331981
155709356 156091907
155731313 155781381
155861503 155863668
155896551 155918793
155914118 155922419
155914118 155915676
155914338 156601675
155923882 155925016
155924697 155926662
155935417 156084220
155946420 155994961
155955427 157307119
155956054 156631904
155987367 156090717
155998936 156517163
156047874 156117141
156063023 156741450
156072286 156076651
156120469 156124302
156128366 156382408
156141677 156472007
156149944 156225191
156151897 156291750
156156958 156158081
156219035 156240358
156280863 156296883
156502877 156511513
156531218 156531545
156569355 156574438
156630205 156704780
156631557 157504939
156631904 156649520
156674602 156679326
156736686 156737025
156747738 156884906
156756049 156955603
156763845 158300854
156816344 156832557
156857015 156890117
156866385 156992172
156870817 157439633
156900343 157449798
156900566 158110757
156908472 156952970
156918718 157378750
156951592 156971403
156980062 156986163
157070134 157081981
157071298 157137486
157152054 157221411
157183009 157193251
157188260 157664846
157285099 157285865
157336209 157343296
157338494 157351887
157370653 157377620
157402486 157411012
157576368 157591889
157581457 157620910
157589954 157873217
157602291 157904405
157605356 157609209
157626125 157824590
157682650 157688165
157856250 157960087
157861001 157862942
157876501 157964112
157887000 157987338
157896208 158012231
157909143 157963105
157934005 158047958
157954587 157960411
157963940 157967561
157967561 157985368
158010097 158029123
15804132 15812172
158055998 158062857
158134877 158338155
158168186 158195357
158168582 158187439
158172871 158337607
158179158 158201902
158179198 159127711
158195901 159021649
158195901 159021652
158216018 159024017
158220790 158230871
158229617 158330288
158242399 158248041
158281481 158335060
158298053 159196556
158371240 158463466
158378156 159240687
158394131 158555686
158394934 158610142
158409640 158554084
158465436 158468070
158468489 159094271
158469296 159059045
158545481 158561854
158548663 158984667
158562081 159267939
158576477 159202824
158589276 159263271
158591122 159083542
158617752 159192338
158636929 159280362
158657164 159275326
158671585 158676059
158805187 158805970
158809332 158809828
158844280 158863712
158845198 159341848
158846730 159357235
158932322 159291288
158955860 158958466
158964214 159794913
159025452 159119909
159051844 159093860
159066454 159256557
159069336 159182117
159092535 159199879
159173997 159314487
159199060 159259594
159254376 159277416
159330934 159346195
159332610 159383958
159356171 159357235
159463784 159483764
159477191 159506644
159484499 159485120
159485417 159489352
159499632 159707206
159501846 159667182
159540917 159594612
159566678 159577310
159590035 159598724
159735548 159756158
15981260 18107492
15982772 15983884
15989053 16000020
16061831 18133712
16076849 18648470
16124269 18660950
16128641 16412309
16170982 18439650
16277535 16280850
16375262 16390478
16376347 16624545
16387316 16387562
16391186 16391422
16406190 18571412
16461334 16508297
16481396 16697667
16744041 16747947
16849983 16850427
16880134 16881921
16892013 16928341
16989140 17126655
17136644 17138485
17153205 17863609
17333805 17620638
17537195 17753267
17537195 17753269
17539183 17550187
17549788 17868309
17558034 17567322
17564621 17857021
17750709 17758132
17774581 18943615
17930013 18331206
17934861 18638244
17962437 19106919
18099655 18203345
18157513 18161325
18305724 18507046
18370902 18730125
18409196 19007658
18508303 18519014
18559853 18564571
18602728 18948441
18602728 18614905
18605765 18609792
18629003 18631780
18632118 18745903
18665038 18685093
18716478 18962346
18846744 18912455
19029472 83877324
19066799 19067108
19170263 31123049
19183101 19301460
19214253 19221338
19256428 19444858
19342800 19351663
19376351 19395795
19423855 19524016
19524779 20089338
19552301 23475026
19581926 19589848
19610598 20264407
19678678 19742472
19681660 39459050
19713185 19713402
19800165 23409891
19826394 20534006
19875979 23536774
19876965 20495232
19888156 26186723
20012438 20567675
20023911 21928966
20037227 20040177
20039679 20041370
20080237 20410194
20111364 20127585
20113954 39475897
20145158 20152137
20148302 41576475
20192330 20204196
20319351 20381370
20320510 20369873
20352149 23548936
20431619 20873290
20443315 25933577
20541850 22756832
20577674 20580516
20757803 20759420
20843368 20860222
20938783 22707664
20940301 21157644
21171272 21216892
21212105 21851425
21216892 21217248
21291380 21464766
21354557 21441373
21370913 21375528
21449836 21453137
21494767 21578861
21570770 21648166
21607150 22269484
21678703 21682680
21684832 21786627
21695387 21863271
21715900 22041583
21774351 22252029
21794476 21798852
21868277 27306379
21877675 22256754
21967378 22919109
21973437 22154761
21975654 21986589
22028289 27193898
22037118 22041804
22046369 27282368
22059991 27272579
22092102 22099282
22144838 22156024
22190056 22202285
22266772 22585237
22330102 24722322
22398605 22406417
22467949 22468134
22475857 22871535
22492133 22809224
22499549 22801837
22503597 22565398
22504865 22888476
22504865 22506704
22555496 22599476
22648225 22662576
22679299 23275099
22754010 23253548
22763752 23344730
22808969 22809224
22872395 24654781
22945855 23498937
23073130 23103177
23170804 23984627
23316759 23317005
23364691 23371044
23436787 23535761
23535761 23660925
23687637 23687937
23719850 23734080
23747086 23756207
23760015 23845587
23868967 23877823
23943437 23973501
23946361 23948322
24481068 24487888
24522693 24526109
24743724 24758400
24759613 24796334
24901142 25182923
24928147 25199164
24960297 25298487
24998398 25390333
25133745 25507851
25173151 25199988
25480693 25489804
25525670 25713173
25636451 25665566
26276881 26304383
26317523 26329601
26342179 26381093
26565828 26567419
26624908 36325960
26698865 26702489
26912289 26918964
26924345 27396305
26978143 27046234
26993755 27247871
27000659 27256364
27025481 27049576
27092847 27217136
27163808 27169985
27203031 27262383
27214591 27215647
27239233 27250761
27310638 27429948
27396631 27398416
27519101 27584837
27551870 28183411
27564772 27790167
27566850 27573686
27619059 34622685
27680659 27697017
27683708 31031707
27692138 30693189
27780990 27792380
27782976 27843132
27830216 30982658
27908272 28607341
27938983 28267843
27961573 27966959
27961974 28025862
27975232 29748733
28002405 89635810
28018573 28212973
28034782 29968182
28220974 28225976
28225665 28248955
28241914 28832090
28252098 31039706
28300527 28302294
28348875 28380881
28511616 28655491
28531575 28682985
28568545 28572588
28631667 28691865
28668298 28712834
28695186 29753508
28786262 29028606
28800903 29815135
28822989 29086854
28826807 30527404
29012172 29726712
29024191 29164232
29074379 29937583
29108093 29190968
29231601 30065706
29244577 29256365
29276188 29678616
29279612 29280663
29349971 29450744
29357614 29404837
29435732 29444210
29495224 29502998
29507811 29513412
29509435 29509873
29537454 29998492
29566807 29608877
29582366 30245145
29663877 29676686
29763292 29958621
29891639 31170008
29925215 30515669
29929370 30235182
30058994 40511726
30105349 30271488
30111596 30273086
30197042 30200001
30209136 30221664
30319308 41260757
3044339 3093488
3047621 3105831
30535523 31086669
30552653 31018727
30578943 30996889
30585566 31016988
30596351 30662093
30596351 30662094
3061895 3083971
3061895 3083972
3062385 3109152
30624182 30628859
30629131 30630857
30636544 30758768
30701001 30704979
30752542 30791274
30770930 30771694
30813277 30939446
30826999 30947062
30860976 30978481
30862237 30866403
30880364 30962069
30994884 31001605
31074882 119491934
31085680 58483175
31134183 58482948
31169738 31555378
31179742 31202155
31189393 31200294
31300579 31420786
31458399 31467720
31555378 51612991
31593681 31604341
31607934 96437178
31651042 31652853
31878706 32002871
31949853 32071384
31980098 69047853
3202071 4983951
32021493 80063150
32022458 32024733
32111941 32129846
32186489 47291075
32262982 32270648
32348791 52737471
32351046 32848607
32357763 32357971
32373053 32401107
32380032 33159162
32423080 32758415
32472326 32472625
32520266 32520594
32539450 32733476
32597465 32599149
32611227 32645937
32618269 32628276
32720981 32739138
32739361 33933148
3277198 3289831
32794771 32795208
32796616 32827055
3280239 3312558
32847522 32849829
32907361 33421105
32956705 34159461
33020908 34137846
33075517 33106015
33081031 33220915
33314222 33340031
3334769 4944028
33380688 33824615
33391951 33848570
33408225 33566806
33442680 33717155
33499599 35317166
33545904 33557347
33617442 34040776
33766699 33767408
33952491 97451082
34125462 34180692
34129169 34133829
34129978 34219881
34146687 34278134
34159502 34160205
34270859 34287915
34270859 34439754
34465787 34466132
34485877 34514931
34515495 34519283
34597559 35519308
34597778 35245474
34642938 34643649
34701723 34744625
34709866 34722276
34724964 65210532
34764807 34809927
34784460 34784784
34807441 34811176
34834945 35674953
34873854 35244338
34885809 34913553
35038950 35068466
35091473 35395948
35147543 35447906
35230897 35250235
35301012 35301541
35359682 35369776
35359683 35369776
35527794 60401728
35605573 35669205
3561721 3811055
35620984 35622733
35668224 35720080
35704755 35725359
35707018 35758902
35742914 35760792
3574987 3584911
35755572 79114346
35788885 35943535
35801890 36535260
35802913 35942305
35848383 35862571
35857396 35857788
35930105 79655726
36082432 36084802
36094495 36110649
36131640 37087251
36217670 37071384
36383948 37297523
36424813 36425363
36483816 36813922
36487461 36487867
3680936 20451250
36859162 37007299
3692494 26037066
3707120 3716103
37080060 37088138
37086765 37138759
37102643 37207232
37159770 41947910
3720896 5823565
3735908 4645477
37382663 37411350
37437091 37446496
37501946 37517457
37541180 37619993
37551357 38286861
37625905 38667407
37639718 38775641
37649554 37653114
3774689 4235588
37788363 38693635
37812622 37866642
37821175 37955310
37833146 37837444
37873758 38159051
3793906 4460671
37990789 37998946
3799925 4379999
38074914 38710466
38088408 40051006
38135180 40168687
38179780 38459509
38183609 38207612
38248198 38384240
38254001 38264458
38264458 38317624
3856494 19300508
38590012 38618346
38671481 38711123
38781367 39920385
38781553 39593063
38809358 38839796
38846372 39703435
38874009 40815671
38894872 39965547
38923411 39638493
38997261 39080109
39203758 39204090
39255910 39667011
39368000 39465336
3937610 6044037
39409193 39417847
39481824 39659185
39519055 65725956
39693710 39769241
3976561 5842494
3990732 4012372
3991069 6671700
3996017 6070313
40038262 40212610
40096196 40235187
40162305 40294569
40243936 40261505
40482358 40486272
40489214 40702096
4073414 4234877
40735352 40746333
40764990 41039454
40819570 86536872
40821616 86255227
40873936 41007720
40956651 41107750
41006444 41121300
41047593 65680968
4107353 4528321
41080487 65275172
41084552 41321573
41107310 41187642
41108348 65689862
41111018 65296060
41112746 41181963
41129914 41193780
41160866 41161872
41170492 41181963
41179548 41239667
4119355 4966594
41214583 41245244
41331717 41333841
41344854 41351729
41354093 41435771
4137170 4153251
41385198 41580241
41446256 41446518
41455719 86298489
41462730 86248716
41481483 41492245
41533000 41575349
41552339 41552697
41607885 54660251
41627446 41679586
41636176 41644282
41666144 41702297
41669962 63878803
41708544 63541353
41715983 41730586
41801014 63007350
41813811 50586246
41853851 42557666
41900757 49950229
41907226 43754873
41920364 63000536
41922582 42666760
41922756 63017358
42009871 64587855
42045635 42073352
42079216 42665891
42132037 42593422
42153870 42555640
42161732 42162948
42401656 42480245
42405091 42448718
42434072 42467997
42522921 42537799
42561008 42582102
42567310 42578731
4266311 4300585
4274395 4308293
42845059 49673264
42847567 43213012
42898613 42909703
42904884 42914892
42922477 42927627
42971510 43239037
42988666 49687146
43064059 43456280
43102871 49725516
43131137 49754087
4322559 4680403
43259562 43263490
43270414 43290182
43285111 43290426
43318453 43318672
43391437 43396455
43420938 48927488
43427248 43521465
43519304 43520588
43574320 49705867
43578041 49753219
43602157 58553396
43621367 43635789
43629084 50514318
43654330 43655953
43692994 50215720
43719423 43726031
43733187 49805708
4374909 4399531
43775646 43790689
43792107 62834465
4397905 4535688
44112877 48776306
44131725 65563341
4427717 7175560
44280953 45305644
44341404 44347503
44350129 45289615
44360264 44664969
44364168 44524986
44493242 44505183
44601681 90888002
44617577 44618733
44774718 45042924
44837040 44842223
44876404 44903837
44944176 45419533
44965150 44968013
45007693 45303194
45226513 45241591
45403455 45425702
45425154 45425702
45427355 45433853
45772110 45781711
45920623 46394361
45959529 46775304
45969276 46770229
45979957 46983925
46002298 46749776
46027897 46132094
46029458 46470506
46041212 46465998
46165700 46170319
46289384 46909766
46347692 59712857
46450356 46631558
46511705 46608743
46575192 46591617
46675694 46700567
46714330 46966155
4686254 5119185
46867486 46885366
47003272 61050505
47017723 47154548
47125175 47131468
47247457 62113883
47319787 48545531
47394571 61095643
47426283 62298505
47432843 62187433
47488220 48531652
47524755 47971384
47560689 48529275
47561356 47938743
47610535 61324075
47617856 61321428
47646380 60411703
47681979 47684765
47722522 48637134
47737007 100408289
47834783 60550029
47850370 62254543
47850764 47895763
47865442 62376085
47891847 61571132
47901210 61571849
47917393 47933670
48007928 48052574
48022313 48125969
48310790 48311116
48408352 63898829
48676235 61839744
48775483 48787237
48882173 63879394
48910804 82308858
48911797 80672784
48919589 49849814
49079188 49410399
49182625 50045547
49210096 50008941
49237681 49256250
49277018 50106009
49458722 51059166
49483380 51047842
4959630 4963197
49636530 55507130
49706762 79981558
49753725 62552191
49949110 50181337
49949658 49958175
50063057 50065713
50167290 63064916
50235396 50887580
50378342 50398666
5043461 5064928
50472817 50492332
50520310 50520690
50620781 51004465
50728402 50986315
50930357 50931280
51077177 51190683
51122890 51127077
5115874 5147181
51217767 51368496
51218665 51425075
51231431 51924352
51268336 51293511
51278540 51904584
51296775 93311955
51324357 51352652
51355925 90529873
51376848 52028215
51397635 51398687
51439351 51442536
51475378 51481929
51505817 52909124
51508241 52234606
51543997 51544310
51545847 51546437
51575587 92969867
51576469 51576861
51644323 51819522
51644323 51819523
51645089 53463660
51645089 53463661
51676796 92853335
51686105 51689585
51691185 93275911
51710978 51720760
51724755 92832670
5178259 5194345
51834770 51841385
5185325 5186601
51971133 52042528
52038197 52045416
52050781 52066106
52050781 52066107
52106177 52144353
52115381 57043282
5213516 5239765
52144778 52902391
52245988 52390592
52259423 52983353
52455315 52510294
52528455 56180029
52547762 57019824
52637948 53018681
52638550 52969141
52705937 52761448
52751323 56270111
52783663 53377580
52787071 52816761
52819406 56066494
53040067 56123491
53041078 53276192
53048377 56464772
53048890 53379416
53066216 53981805
53192371 56356312
53215167 56758397
53239207 57545255
53298720 55635872
53314426 55487444
53342285 53448725
53342689 53449054
53359432 54205153
53364521 53370427
53374859 54156473
53457077 53859774
53491520 54169846
53517777 53694865
53589645 53906950
53599032 53635905
53652666 55862646
53678221 55973018
53764030 73478486
53771060 54105684
53823485 53825979
53843706 79732695
53908161 54118072
53913207 53943044
53976066 53982619
54033846 55744537
54041364 54042823
54096888 79705211
54169968 54178105
54187910 55941524
54207879 55940439
54254788 54263258
54255330 55662491
54365270 78973927
54372294 77604294
54439245 54830146
54445513 77354705
54492730 76163559
54498160 76176104
54555796 54642443
54650148 54712875
54662134 54665746
54767369 54783840
54790259 54795594
54798351 54799612
54836430 54871306
54844269 54877899
54866490 54976449
54935303 55014477
54950660 54957293
54966127 76445881
54980422 54997183
55073937 76438005
55074493 55074854
55124831 69111189
55240083 55252610
5529622 12849396
55307487 55313027
55324086 55333471
55378590 55453711
55385756 55386060
55410592 55440304
55445412 55445811
55502316 56657880
55553891 56236222
55691484 55691841
55774159 55807634
55834453 79748141
55836338 55843465
55857556 55943699
55857556 55943701
55948366 56004098
55979711 56026759
56145094 56675943
56180143 56978010
56275382 56707013
56333290 56702327
56385026 56404621
56434201 56729534
56520611 59775614
56737465 56741008
5675930 5788395
56798114 56800414
56814521 56944207
5681776 5683986
56840728 59470896
56884712 57120565
56884712 56898634
56893080 57401841
56911071 56914929
57026657 60063778
57033533 57053540
5708923 5765585
57119913 57120855
57159012 57193004
57170389 74605655
57236294 57383821
5727998 5755564
57291647 57291976
57297573 57417950
57431609 57431986
57437868 59441665
57534880 57627700
57548529 57560545
57598161 57626712
57626487 57629658
57751177 57760530
57777517 59222988
57795058 58392514
57808794 58672111
57836788 58712131
57838495 59180355
57841328 59130589
57866376 57906063
57978109 57984926
58130719 58217645
58133163 59238318
58136137 58138143
58210870 58245410
58211484 58255155
58267301 58271582
58307944 58317502
5832059 6026528
5832391 5848166
58389375 59176004
58460414 58567103
5847389 5856772
58489013 58559678
58502931 58539477
58527555 58532924
58529835 58850298
58648559 58656564
58669276 58678620
58740337 58754383
5878615 5952334
58893795 59008938
58895432 58938357
59058619 67153708
59120486 59248266
59368472 59739162
59368619 59633704
5942011 6015199
5957189 5961711
5965148 5976733
59672167 60345816
5980446 6259414
59816537 59952915
60143656 60145534
60150884 60188161
60194206 60381881
60282991 62662474
60442432 60462370
60451589 60477888
60482005 60642648
60507145 60837752
60547088 61786032
60588428 60597808
6060635 6107032
60620512 60658059
60732247 61113261
60783623 60796741
60808316 62287365
61018034 61755482
61065151 61138388
61065242 109106895
61065575 137970980
61202952 62159942
61206392 61394577
61206555 61755915
61215950 61625418
61287224 61820425
61329663 61525144
61509886 61551527
61733778 61878053
6187046 6204065
61913044 62040633
61951969 62681391
62001172 63132369
62002561 62008330
62081508 62086833
6209581 6245119
6218652 6227177
62217316 62333381
62369960 65342645
62384967 62406561
62425845 126722278
6247008 7029667
62525546 62778842
62565304 63080169
62662474 63429879
62717030 62722636
62948871 62951330
62972596 64268975
62996916 63756148
63080957 64601759
63089460 66875309
63108550 64772007
63298371 63309479
63303660 63313974
63329915 90515074
63352333 63352564
63372245 65904521
63401852 106724619
63447517 64547946
63469748 63488214
63496340 132008544
63530577 63758150
63532275 63539526
6358308 6370697
63628529 79536482
63737431 63757653
63907622 64316267
63913238 64014349
63934401 65963483
64062925 65887875
64168133 64849102
64179576 64179834
64228528 64304749
64231389 64682372
64283336 118588589
64313228 64334387
64371048 64382246
64390153 64669669
64452083 65263790
6487831 6489018
64878585 65944573
64880742 65908236
64881163 65929569
65002716 65832058
6503832 6549168
65043302 65211111
65062084 65213327
65075046 65261214
65080737 67095438
65243718 65272253
65270165 65749885
65325233 65329835
65330488 65419108
65337312 65343926
65343011 65384591
65366357 65399716
65372680 65450594
65376335 65491643
65383642 65422510
65416060 65616117
65430343 65430608
65434948 65679777
65441303 65584213
65450499 65451599
65450899 65452312
65455037 65630973
65456024 65489295
65501558 65973125
65522702 85806947
65548981 65556248
65550153 65989177
65571586 89169068
65597122 90212084
65619971 65629168
65674837 65687433
65715848 85496793
65829803 65836753
65834421 65844253
65949425 67116857
65971006 90241110
65984039 68143388
66022826 67225874
66025901 66515295
66037186 66507828
66071179 91066498
66083787 93517345
66097680 86053064
66123940 93034094
66128592 93052997
66261320 67164544
66291390 66314316
66319929 157289942
66327103 66589322
66387667 66566056
66391804 66553482
66431116 68271724
66436284 66497076
66499894 66504644
66508216 66511106
66553716 90312235
66655026 93434233
66760198 66762478
66786063 93347746
66789642 93423052
66801632 93355025
66820779 93366309
66874568 92079397
66971859 67479976
66992428 67501704
67002599 93390914
67006004 67016527
67083176 67116650
67116650 67584969
6713141 7724804
6714031 6986172
67143294 67179726
67259977 67261608
67261749 67265052
67337445 67373506
67385384 67389700
67485215 67486985
67562122 67936600
67585991 67710741
67627763 94587546
67640961 67736164
67676196 105610528
67694163 67753795
67698612 67954691
67799050 67922101
67810036 91066007
67841472 67847430
67880827 68246343
67910488 93409286
6792015 6935880
67927202 67986320
67955743 94676186
67956274 94636949
67987819 93603389
67992273 68108289
67992629 91042349
67994591 68029251
68018684 68402461
68044961 68120494
68052268 68507560
68052548 68382367
68074043 68481362
68079481 68120794
68083926 93523120
68085234 69596833
68088327 68096647
68134582 68150060
68237062 90303629
68304605 68414673
68362824 68365147
68366402 69587295
68404747 68529837
68418235 68449075
68441153 68585369
68445766 68475409
68447477 68447749
68468408 69430647
68502147 69488332
68544136 68701407
68578986 68999514
68617116 68709352
68690000 94657089
68697589 68975557
68834475 94401294
68869662 68873079
68895182 69275112
68906635 69311163
69071736 69073389
69074227 69088608
69099645 69116445
69110887 69116779
69121580 94247805
69193883 69238142
69260327 100396601
69294802 144911127
69313705 69567244
69338110 69552559
69354645 69510328
69413871 69531878
69439010 69440377
69670203 69700643
69682094 80252326
69699334 80718499
69723182 69735901
69757373 81432735
69767372 69847759
69771904 69831845
69775262 105527154
69839997 81613707
69879872 73697279
69961119 79966234
69967392 79238844
69993847 73732638
70015638 79259858
70037040 73662867
70098405 71211251
70100018 71306592
70126807 71054479
70162020 70390491
70164653 70338553
70251711 70300471
70260903 71621743
70276477 72487701
70301137 70316560
70367571 70378821
70463524 72220566
70548791 71285957
70562093 70564347
70805363 70864314
70827182 70896724
70864423 70874196
70873378 71559130
71019351 71128310
71029106 71620476
71065445 75989404
71128194 71138884
71199326 71574484
71199670 71524062
71264073 72500251
71293268 71913077
71399674 71680983
71490489 72815223
71493199 73635720
71507481 71508371
7161639 7264013
71650431 71650749
71786560 71809787
71948135 72009375
72032617 72111320
72038710 73224784
72104936 72133950
72190592 72661022
72308501 73796906
7234264 7660420
72519595 72551204
72557251 72558300
7277206 7333305
72840923 72976382
72848436 72999462
72850239 72883446
72925035 72958335
7295499 7301267
73121566 73384650
73124023 73629038
73181176 75134451
73204146 75212837
73261192 74556516
73294177 80283953
73417347 80295624
7354497 7632707
73660467 73662867
73692137 73769081
73698412 73740050
73731009 73767719
73745701 73747752
73752607 80551329
73777325 80771614
73876894 73883951
73877224 73934408
73879289 74065056
73907771 80315226
73916824 73958327
73917275 74029949
74013172 78737278
74014140 74076444
74019010 78789492
74039473 80192233
74071432 80319255
74095139 74095736
74096798 75341290
74099265 79929253
74122246 74123928
74217799 75144038
74320112 74325807
74392577 78235427
74489444 74493384
74503272 74637293
74525951 74601957
7470560 7724381
74736777 74747892
7487157 7514629
75157810 75689256
75210939 75909718
75219193 78047329
75221663 75921550
75224555 75812422
75250039 75446411
75380568 75380796
75403923 76049848
75508492 79028770
75518592 78975323
75569955 75930274
75574930 75658085
75581266 75853643
75662135 75805337
75677171 75946250
75715357 75787672
75734601 93814582
75787040 75787281
75837055 78075679
75853643 78132757
7590580 7591128
7596792 20198153
76026127 78143663
76040840 76043138
76170126 76261271
76219422 76223086
76248655 77172629
76273176 76747345
7630726 7721850
76317748 76332378
76392173 78899676
76486738 76496021
76547731 76554506
76634787 76639699
76637965 77766832
76712666 77040084
76823685 76825751
76823745 77801559
76825332 76854571
7694715 7751417
77030239 77056209
77079242 77766832
77079544 78327860
77081229 77775354
77081731 78922041
7710888 16131209
77125587 78256149
77207458 77211941
77266377 77676931
77268385 77520120
77342107 77349246
77358198 77383562
77406657 117266702
77790245 77802081
77836534 146860738
77951017 78296206
78038507 78040669
7804771 22680937
78096064 78237039
78112496 78450256
78154110 78169210
7830483 7996905
78386884 78825521
78431511 78569634
7850272 8861103
78571963 78692633
78598740 78602817
78614845 78618520
78636530 78646849
78699499 78701909
78937525 78979074
78964314 79199563
7897302 8492592
79033326 79054073
79102461 79106710
79113742 79127369
7922901 8530293
7924681 8493708
79271816 80349089
79347041 79442361
79366697 79438653
79428203 79447762
79477744 79529226
79479295 79496035
79539709 79875251
79545658 80168510
79551258 80996085
79552004 80032005
79589951 79615650
79615771 79628100
7974527 8684842
79785723 80032645
79820280 80039461
7982898 8681353
7982898 8681354
79852370 80047636
79892283 79900395
79909123 80024668
79912797 80146340
7995258 26134780
79952991 80363818
7995857 19753078
80053488 80130249
80087828 80694552
80108426 80207105
8011317 26206593
80113813 80643640
80286188 80290994
80287355 80316732
8032174 8052843
8035487 8775481
8035487 8775482
80457427 80457848
80485101 80532228
80547991 80557562
80564381 80700924
80618893 80629253
80621338 81030962
80637842 80640414
80695756 130574289
80789689 80901586
80805210 80896300
80811490 80860609
80847712 82637867
80890410 80894655
81018634 92687116
81084574 81214568
81124636 82808710
81140202 83058585
81209673 81214428
81209673 81216320
81226046 81793472
81261319 81682338
81267361 82732398
81303575 81442672
81308209 82007214
81319487 82067631
81576109 81578044
81732387 94779227
81810219 82862795
81818478 81818803
81947616 81959806
82006238 82047409
82063450 83048537
82153230 82169337
82178821 82661856
8218050 8219839
82249151 82567474
82315349 119711654
82320060 119678283
82341910 82783005
82371885 82655760
82401230 83557166
82413394 83586251
82425162 82552189
82474080 83548856
82559657 83567884
82566161 83585554
82572489 83551087
82682341 145166182
82705863 82718774
82921261 83042114
82925304 93787585
82952966 82995122
8299132 8347475
83014083 83050814
8303179 8352070
83175439 93873765
83212898 83229757
83247777 83247986
8333956 8862413
83350282 83508576
83461963 83477141
83468107 83475746
83504733 83518502
8363101 25943405
83744507 83782084
83747880 83762526
83814552 83876578
83822913 83854220
83843789 83948612
83879032 95025079
83986247 84343551
8399674 19985846
84013403 84043713
8406342 19916708
84135179 132153717
84136465 84303548
8414445 8606132
84181077 84329121
84201253 84207638
84225284 84343739
84227524 95081428
84307166 84691948
84347078 95063276
8436887 8459531
84375176 94420563
84427312 84688632
8443751 8568660
84590626 84590850
84603538 84607694
84646917 101292534
84847927 85154022
85013796 85028238
85113520 85115725
85124038 85124294
8522763 19897714
8524311 8552020
85345246 85357192
85367182 85481806
85484593 85504465
85562970 85622096
85605868 85818109
85616014 85847331
85754303 85885191
85906465 86052961
85928983 86079035
85950173 86040727
86004431 86009674
86079126 121987956
86088793 95286712
86093532 86119534
86163912 86779217
86185165 86283550
86223159 114083631
86252571 121448948
86271975 86431344
86324385 86398259
86639965 86875551
8670154 8695627
86780202 86782532
86822730 86896467
86844068 86852224
86844674 88745914
86845338 86931445
86880983 86924661
86894670 86910936
86914042 86974935
86975982 86977434
86982342 86985840
86983695 88979447
87041021 87059198
8704502 26892946
87054194 87080498
87068809 88990894
87110769 87350381
87111565 87111944
87119725 87403653
87119997 87144465
87135803 87250972
87175867 87177545
8718134 26917941
87190424 87426862
87192854 87193256
87198587 87552675
87228910 88261117
87257414 87263494
87267638 87492797
87288916 87293183
87297979 87299534
87348676 87351970
87400143 88180808
87421334 87433855
87444140 87467000
87511257 87521454
87530546 87982917
87530701 87561944
87562325 87980298
87626242 87628570
87659918 88074699
87696012 87726989
87747703 87786803
87811490 87837887
87812295 87812574
87853340 87876229
87898669 87957756
87940315 87979615
87944817 87974295
87955927 88062371
87956380 87988237
87981483 88073951
87987652 88011409
88015336 88269629
8808032 26910308
88083856 88109458
88089224 88109225
88092967 88234009
88103466 88175909
88117370 88133252
88130398 88294175
88170977 88172928
88192637 88202353
88199406 88208754
88237638 88242360
88246973 88248096
88283639 88290377
88296342 89874650
88320749 88370513
88354940 88395721
88407787 88709772
88452201 88453981
88495813 88504581
88529952 88530309
88537441 88545510
88544068 88558341
88544068 88558345
88544620 88552958
88549591 88550348
88560160 88585036
88591968 88707931
8860579 20021496
88639558 88661991
88696950 88713991
88701529 88702183
88712304 88712502
88755773 88758143
88765291 88944504
88777669 88816498
88794925 88933723
8882297 8928152
88945771 88954943
89009846 89021439
89014993 89015608
89022229 89054727
89024076 89063737
89028055 89114795
89035057 89219686
89049988 89055649
89063017 89069522
89074811 89127896
89087147 89107752
89099372 89181731
89123036 89198148
89134803 89233744
89136526 89140569
89149964 89255927
89156671 89160690
89158408 89171418
89184494 89193343
8929008 9217387
89319793 89320565
89341310 89364367
89380493 89539450
89383266 89455706
89383544 89529159
89403919 89508838
89432727 89450331
89432727 89436265
89435219 89497190
89445607 89585559
89463186 89509156
89469977 89472090
89472778 90055219
8954726 9224474
8956894 8969477
89574864 90076411
89584549 89585046
89614528 89671321
89616521 89631561
89718313 89725052
89720030 89761935
89731521 89782407
89738474 90109639
89743509 89755970
89745857 89766545
8975894 27231496
89772689 89791572
8981893 8982109
89893411 90158822
89920246 89998777
89937153 90020513
89937629 107967990
89957306 90009777
89958315 90075968
89959189 90102713
89966452 89980684
90005510 90007743
90007031 90121813
90023590 90030338
90029069 90121707
90038628 90041568
9009057 9034670
9009892 9333421
9011690 9011982
90137304 90146839
90151395 90215284
90160197 90164365
90176793 90189869
90179740 90182735
90193584 90203914
9019777 9124934
90242247 90459898
9028119 32768681
90316447 90342313
9032740 9432413
9032820 9053519
90387728 90443691
90399620 90421219
90409059 90426247
90486070 90538088
90513590 90518494
90530131 90627564
90530933 90539615
90541487 90610875
90584576 90595849
90601156 91204272
9084569 9403041
90909451 94226022
90956756 90959601
90976569 94236226
9107999 9190544
91175035 91182733
91180649 92692470
9119693 9176188
91220098 93808071
9125932 27137236
9132202 27168542
9133097 10213214
91367488 92321014
9138146 9155947
91428641 92605531
91428897 92556396
91441546 92561942
91494300 93704294
91578495 91589453
91818480 91819326
9187431 27263714
91907121 92033072
91967653 145700800
92013027 92937010
9201779 27166217
92056871 93184217
92195392 92369055
9227483 9339956
92396816 92627037
92413789 92450936
92426727 92447238
9247382 9424333
92507364 92524912
92561942 92809883
92609060 92609357
92621844 92676942
92621885 92742445
9273484 9462957
92759924 93514811
92797140 92799217
92802812 92802998
92802998 93501005
92818700 92907770
92883776 93295497
92984279 93246299
93072951 93122767
93129079 93334911
93188473 93202478
93277322 93788865
93279899 93296774
93279899 93296775
9334999 9350193
93368644 93369555
93402995 93562126
9346035 32766399
93479932 93488107
93518469 93552923
9352954 9383969
93765491 93783519
9383989 32888146
93858734 94220255
9402804 9404116
94164049 94165985
94307568 94308527
94309281 94439815
94339357 94400977
94385926 94424135
94438281 94438542
94471821 94810494
94482618 94483587
94533449 94541861
9472821 32878283
94785301 94787639
9480381 61962481
94845062 95117925
94888518 94904405
94896889 94900681
94913404 95271133
94930187 96539116
94940190 96627675
95016900 95021032
95026493 95029407
95052575 95059962
95071997 95139578
9508624 9509726
95086988 95108566
95122579 95155133
95146872 95158649
95160725 95381740
95182692 95211686
95187646 95338849
95247484 95341740
95248008 95331955
9524824 9680034
95249652 95255311
95280750 95451729
95321740 95348741
95322049 95651122
95341312 96617535
9539595 9796644
95441041 95443148
9544402 9616586
95468118 95482480
95470552 95516237
9547849 9698659
95501905 97133745
95510975 95693021
95515409 95682447
95515409 95682448
95536037 95880198
95552240 95674495
95560127 95811578
95565254 95880198
95579571 95744621
95610310 95617079
95635500 95652364
95651687 95657478
95659258 95709026
95676076 107984928
95696044 95696600
95723429 95733316
9578368 9600478
95810052 95818461
95821394 95821821
95822136 96987639
95830403 95850405
95835287 95850337
95840127 95917922
95877803 95925551
95891588 96125934
95926493 97125841
95984166 96081141
95987684 97725809
96045225 97223188
96087331 96296910
96087511 96176935
96126540 96264441
96156195 96192864
96225085 96231153
96251670 96253754
96252063 96407440
96285822 96331695
96292942 96329712
96305052 96443403
96311352 122124234
96326445 96495738
9645956 30890125
96470553 96471029
96498687 96580304
96507645 96517875
96533499 96542681
96534077 96717663
96538660 96816395
96543169 96595766
96551775 96770356
96560208 97009469
96560208 97661193
96565111 96581899
9658224 9791421
96622586 96626931
96634330 96712192
96697945 96701796
96721068 96908474
9675041 9947114
96779074 97305220
96840241 96981335
96840605 96935834
9685858 34701387
96891243 96908474
96896640 96901088
96910251 97027996
96926071 96941179
96930035 97050015
96937350 96950370
97035931 97043351
97041990 97049307
97065645 97066126
9708695 10235535
97116995 97133417
97118614 97120662
97154946 97215359
97304701 97871956
97486592 97632718
97495654 97570038
97516371 97516672
97535649 97601138
97538512 97572299
97563784 97652498
97592630 97620878
97594490 97656403
9765543 9774923
97726748 98200924
97729622 97738465
97758447 97762365
97793339 97793911
97800198 97800845
97812942 97826380
97871557 98825358
97886159 97892670
97907173 100158253
97957117 100040739
97961612 98175720
97969067 98035492
9798712 10282718
97994684 101327192
98008555 98435291
98026187 98038677
98038470 98047728
98048249 101508147
98054081 101081319
98059321 101114885
98059321 101032563
98108195 126455263
98117275 99324420
98119005 126471294
98119554 98119825
98172675 99046854
98201507 98203837
98212165 98212911
98214004 102170975
98342039 98417104
98375361 98760878
98411912 98424668
98420096 98424668
98588718 98601836
98629817 98719701
98630185 100101865
9874522 9876148
9875151 35669145
98785422 98791289
98835151 98907881
98853457 100048738
98855431 98980969
98879735 98885124
98907881 136205073
98911268 99072824
98915894 98969728
98932693 99322076
99072824 99995221
99129597 102355545
99221596 99226981
9922714 10077220
99254812 99819029
99284473 99338592
9929374 9932903
99306135 102274589
99316996 99317328
99394150 102272129
9941779 35051946
9942434 9947243
99435803 99673865
99460622 102372280
99489167 102820845
99574197 132576863
99590055 99591589
99607407 99609566
99611981 101949694
99622608 99745908
99643450 99947805
99652598 99752685
99664109 99939788
99690159 99698963
99692278 102508392
99693011 102457347
99698152 102457578
99701601 99756147
99718824 102449128
99731451 102422648
99825947 102343078
99833821 99853821
99894862 99896813
99929862 99948043
99966432 100010810
99983410 100033765
