100026000 100028354
100076180 100222252
100176856 100221428
100188103 100246516
100191378 100212706
100204541 100278996
100216688 100220463
100219489 100227625
100247876 100250044
100288693 100292390
100348983 100643726
100366987 100655018
100380243 100384629
100381010 100393725
100413250 100495911
100430175 100453610
100432203 100450357
100439661 100736900
100441956 100496535
100498558 100655234
100511102 100623366
100513837 100771740
100531079 100641748
100536437 100773438
100540167 100540560
100560022 100868254
100560022 100868255
100590734 100599425
100615389 100622238
100638051 100641958
100681961 100924803
100682160 100743251
100726883 100753377
100734357 100747671
100749928 100906003
100815047 100861599
100830678 101293395
100844399 101036087
100844400 101036087
100891119 100945673
100900684 100924727
100914646 100922631
100920212 101217276
100920914 100968972
100921114 100924803
100922114 100994290
100962960 101033947
10099640 11421084
101016850 101072110
101084161 101091789
101104721 101109094
101134495 101180499
101139984 101215930
101159167 101225338
10116776 10146068
101179339 101216537
101179339 101188643
101180556 101283969
101187727 101215901
101246775 101250300
101287011 101301462
101298021 101577539
101310245 101626846
101317111 101641267
101349370 101385651
101355374 101620527
101365417 102396326
101374633 101375310
101456920 101804693
101457499 101489570
101458389 101459288
101462048 101463976
101463274 101500500
101485135 101602953
101504006 101554792
101508648 101744631
101509021 101855191
101538405 101540112
10159124 11098760
10159939 10892125
10164996 11981688
101657527 101709660
101666644 101869143
101721290 101738640
101751508 101867633
101805518 102092491
101809929 101872164
10181720 10967780
101870154 101872164
101929692 101940536
101940227 102727453
101941297 102142900
101977318 102141082
101977320 102141082
101980855 102079856
101987720 102155858
102059512 102155257
102063110 102468282
102067068 102294417
102069743 102070065
102076686 102190465
102084424 102090209
102085608 102104675
102088442 102238053
102091327 102100063
102095343 102226535
102097355 102573139
102136661 102139290
102173128 102880399
102176295 102359394
102240005 102292035
102274237 102275328
102275916 102422064
102278462 102292968
102292503 102344879
102295858 102299672
102331098 115766870
102381704 116046976
102396422 102816517
102442434 104367865
102458780 102646319
102461232 102466175
102479739 102645280
102487507 102580833
102497044 102526696
102528632 104411616
102529647 104405794
102530870 104552411
102554145 104280536
102568273 102908911
102597863 102605382
102601843 104581907
102628672 102744043
102633610 106731042
102680771 102698943
102734102 103139036
102736021 102883598
102757054 102757960
102766829 102875627
10278790 10279979
102808091 102840145
102846559 102849694
102863132 102937347
102880841 102884960
10290908 10599162
102910146 102914093
102914672 103025561
102934095 115789619
102942147 115830016
102951556 102957293
102956946 102969888
102959772 103531110
102964064 104418444
102966051 103102371
10300005 11007935
103002137 103004894
103003300 103335589
103010161 103011716
103045093 103213138
103065317 103149915
103081238 103125639
103100557 115789651
103124444 103745791
103125413 103144021
103170741 103188607
103179884 103189388
103194029 103218276
103205857 115775689
103224096 103264636
103224257 103393746
103261450 103382537
103271270 103306556
103286447 103286892
103310359 103692729
103328283 103557116
103369169 103373793
103425032 103493664
103450547 103452282
103455547 116068111
103470348 103499677
103474979 103891925
103479135 103637070
103479622 103498999
103487611 103618839
103499329 103607733
103501949 104343367
103516391 103854174
103527057 103654381
103527194 103661388
103529988 103638149
103540915 103561974
103565158 103600259
103581763 103586113
103619382 103623240
103663313 103667107
103678712 103768139
103757637 103761392
103762346 103983956
103762450 103978851
103799618 103801801
103821061 103920295
103828281 103997652
103834010 103869361
103841319 103884142
103860378 103997652
103861620 104000294
103862301 103869954
103892801 105382451
103907858 104152093
103916331 115559390
103918045 115563663
103977840 115408756
103994734 106009772
104033836 104129723
104033836 104051706
104045930 104098678
104070417 104220896
104091870 104093637
104097611 104101210
104129416 104204950
104165711 104170570
104199622 104268633
104252621 104256493
104293089 116266351
104300544 104312954
104306128 116149690
104322460 104419027
104341930 104424447
104352325 104620915
104352325 104398657
104379491 104613742
104388152 104495686
104411874 104445263
104473651 106477787
104492957 104613626
104497412 104508789
104499994 106684553
104508329 104527833
104529959 106714196
104540590 106433070
104556871 104557185
104583264 106658669
10459154 10510526
104624127 116277963
10466030 10485067
104677777 104681126
104769491 104769805
104785196 105029365
104797617 104803275
104851502 104861764
104863569 105952560
104906596 105845684
104962558 105100163
104979185 104987929
104995157 106319767
105007686 105020615
105046568 105049541
105046995 105056333
105094297 105120067
105096293 105108183
105143993 106058915
105159803 105983499
105204356 105250928
105214358 105253067
105229776 105256756
105233592 105245311
105233823 105282730
105309228 105353544
105310122 105579735
105343041 105344380
105345020 105505443
105346127 105574335
105365485 105374635
105370363 105557622
105402991 105409841
105487362 105532718
105593156 105877456
105603634 105887811
105615701 105624925
105694343 105697309
105708911 105843634
105731609 105742896
105755309 105771553
105778293 105839519
105789946 105790137
105799432 105869523
105808046 105809819
105867401 105905162
105942269 105947848
105946198 105948164
105949040 105949387
105988654 107107633
106045821 106056802
106055923 106405101
106073809 106082090
106115892 106119459
106149728 106395214
106170409 106240960
106251658 106689127
106274189 106382638
106275551 106282801
10636137 10902451
106384093 106399583
106388180 106419844
106451453 106488723
106480593 106483412
106500962 106567625
106514044 106711320
106527552 106530372
106527697 106530076
106531197 106633475
106534283 106587156
106535688 106636109
106537976 106559411
106539878 106589035
106568173 106575906
106568261 106749245
106594185 106599220
106595672 106637185
106606996 106608932
106622945 106768648
10667176 10787832
106684310 106690076
106688979 106712537
106693447 106695858
106706217 106713662
106743445 106759374
106750649 106751104
106782067 106782334
106805895 106954661
106823003 106824460
106835907 107022045
106835907 107011557
106880568 106895813
106881158 106886412
106893732 106898178
106900935 120119734
106930639 106937258
106967480 107079617
106972456 107088489
106975820 106989444
106978523 106991038
106987360 120135595
106994336 107074681
107017000 107062400
107017450 120161197
107033113 120105284
10704617 10704931
107085154 107090271
107091462 107148593
107101368 107108288
107145712 114083310
107159093 107171185
107162944 107168748
107177142 107177627
107181570 107380109
107215096 107385585
107230674 107237557
107278929 107281461
107290453 107304702
107294747 107736698
107301512 107545895
107309493 107319852
107314432 107380630
107318433 107365444
107321042 113492676
107322755 107377414
107325607 107335090
107329017 113474251
107331664 107335628
107331664 107333588
107340727 107344391
107365787 107366133
107388691 108435914
107408834 107521770
107415099 107425906
10750268 10823697
107503516 107730597
107543611 121203375
107562950 107666377
107574603 107652989
107616715 107622774
107621138 107624671
107688663 108468736
107718174 108183176
107719521 108463131
10774321 11016773
107806354 108479821
107811232 107844316
10781931 10823756
107848543 108628868
107871579 108579973
107916369 108312337
107923443 107940474
107924429 108311299
107990557 108621450
107998956 109074348
108000136 108035076
108005690 108578597
108021732 108837041
108042329 108569210
108045253 109086353
108051286 108786411
108098509 108177725
108135989 108159073
108136464 108791341
108141635 108624487
108159073 108168664
108192680 108252826
108216234 108283235
108221642 108226549
108257629 108635804
108264916 108301894
108280269 108325964
108323939 108328559
108349318 108600794
108384715 108385549
108385597 112604739
10838875 10842345
108542602 108546365
108586578 109094887
108590129 108663938
10859555 12203105
108659755 108660606
108692380 108970975
108716154 112530368
108720835 113065054
108754987 111008253
108788043 112551128
108797767 112599268
108842136 108980999
108850639 111137326
108881412 108899277
108881709 108904471
108936301 109203626
108971567 109724879
108980640 110982619
109008789 109016894
109020232 109586056
109076779 112999668
109095206 110939002
109145761 113135512
109285411 109394977
109299764 110523849
109306549 110879914
109353734 109369625
109371397 109392932
109409135 110325342
109450792 109467350
109451416 109464849
109457061 110443814
109460355 110442599
109484002 109899587
109486390 109840978
109521565 109524153
109540611 109902256
109562392 109764187
109579097 109584717
109606990 109743299
109619694 109623168
109630641 109764187
109714132 109844077
109723751 109726065
109802877 109976355
109892225 109911199
109901679 109908618
109911330 110409313
109919644 110396060
109948807 110350181
109950190 110476702
109955544 109984918
109966862 109968637
109975530 110479107
109991213 110315163
109993383 110006938
109994093 110114322
11001624 11127138
110054430 110254318
110056954 110307292
11007935 11050687
110215878 110384131
110421534 110422088
110429701 110432355
110476848 112187091
110561368 110616147
110586877 110898227
110589770 112897398
110642063 110773574
110716500 110769233
110752998 110895637
110822547 111367811
110873714 111444691
110891444 111064547
110897593 111044325
110937468 112535132
110939002 113084175
110950071 111133144
11095755 11097882
110957589 113092117
110969838 112584411
110978113 110981638
110991575 111008430
111057311 112919199
111167951 113041326
111180404 112615221
111210032 112774408
111231858 111232822
111238468 112637092
111254046 112627298
111256262 112192117
111256504 111848937
111270358 112679738
111295164 112975870
111295773 112685105
111304559 112417127
111305758 112413038
111309435 111327197
111322189 111328776
111323476 113129892
111402932 111407458
111501066 112481259
111538902 112358585
111541757 112680154
111576282 112372253
111642645 111897178
111656172 111888561
111697150 111758357
111697238 111762826
111728467 111773420
111748553 111757402
111799870 111804615
111821278 112023165
111822868 112017316
111837700 112349200
111838272 111839058
111841371 111841763
111844676 112476976
111845097 111867651
111875252 113319381
111929855 111964138
111933590 113374219
111936093 111996294
111973600 112296828
111978006 111996546
111994275 112332050
112001285 112006876
112002968 113350062
112007938 112026542
112018335 113205539
112031012 112652392
112032336 112056644
112043521 112946222
112062891 112390560
112148223 112225706
112151241 112457845
11216180 11395111
112206721 112222858
112218596 112448729
112290382 112298496
112305454 112331631
112350659 112448837
112363004 112381873
112418415 112425551
112427791 112459974
112441918 112480584
112453902 112495154
112472015 112671357
112483722 113074083
112491264 112682582
112496252 112858620
112498382 112865854
112499428 112841533
112505607 113356925
112511697 112514306
112519388 113053735
112581698 112586096
112600281 112626825
112644923 112656203
112679289 113315512
112695068 113043497
112696489 113335332
112711533 112779066
112719185 113076705
112747213 113337116
112752534 113359422
11280454 11306697
112805753 112871491
112839842 112846751
112841477 113151138
112884766 113124625
112884767 113124625
112897124 112910997
112919185 113112222
112919185 113112223
112958261 113064331
113008463 113011362
113151862 113571838
11315919 11339125
113218254 113301053
113244705 113341819
113256344 113377681
113286377 113295950
113288061 113315012
113296196 113298867
113327989 113336786
113328494 113571060
113341747 113351863
113388995 113445936
113390779 113663934
113401312 113641872
113427945 113615717
113450915 113491714
113457678 113499271
113467557 113492037
113499894 113616289
11350038 11359221
113544580 113574327
113558563 113637964
113575411 113579997
113590151 114058023
113729207 114102580
113742597 113823689
113762514 113770787
113769472 113772381
113784562 120694572
113832366 113861251
113839705 114003062
113878224 114021480
113882260 114055119
113883959 114033932
113906383 113986539
113911830 121835505
113974245 121835903
114050747 121933411
114066172 114145989
114096530 114245424
114098275 114103620
114150807 114162759
114203126 114392765
114209738 114247531
114253915 114488268
114263662 114497995
114267584 114275261
114270746 114523207
114350639 114402198
114360595 114392765
114376031 114535646
114414638 114419588
114419097 114609303
114419307 114641348
114419600 114470330
114444188 114569556
114444659 114899792
114463329 114632653
11449267 11538459
114505766 114611408
114506475 114522416
114515198 114617064
114528381 114534024
114528566 114528957
114539808 114541942
114540540 114563406
114548908 114553252
114550601 114550892
114588092 114588900
114595239 114595505
114605738 114693045
114630683 115208769
114662773 114759542
114685888 114876909
114731003 114731335
114754418 114768817
114759131 114783779
114775799 114781087
114776068 114792504
114823253 114869835
114886094 114889672
11493698 11526393
11502431 11526393
115052269 119859002
115069693 116372226
115071844 115092231
115095459 115100908
115110989 115123737
115123156 115209917
115128355 115719927
115137921 115209002
115144345 115155175
115152110 115168639
115162146 115500442
115183678 115519514
115198114 115199432
115198400 115203186
115206170 115264174
115232176 115385183
115248424 115250384
115249408 115431311
115265761 116406138
115280993 115430434
115321229 115343020
11533118 11735851
115333938 115349669
115339860 115349843
115350712 115413728
115354297 115580535
115354297 115580538
115364333 115538781
11536569 11735201
115368035 115616315
115369403 115384848
115376327 115388056
115382816 115406409
115409921 115422134
115421897 115428116
115433717 115435819
115436139 115458591
115447708 115471093
115462966 115474600
115497795 115498665
115499454 115559390
115569303 115605835
115660260 115688957
115671587 115796766
115674371 115681995
11567917 11575606
115698423 115857605
115702682 116027915
115711437 115800394
115711751 115930431
115725736 115785503
115733389 115734343
115747833 115812169
115754100 115835833
115768956 115769308
115792507 116000102
115795378 115804709
115855195 115855601
115902078 115903497
115934344 116050513
115942657 115980998
115964844 115979873
116031359 116088029
116040585 116044426
116042186 116106893
116042949 116131452
116044235 116505631
116090200 116201965
116098432 116101788
116099199 116101329
116118705 116122424
116122041 116198181
116122546 116206100
116124916 116206100
116130467 116473749
116134341 116201037
116139070 116147061
116141800 116159542
116149858 116441577
116166224 116471755
116170424 116598128
116194783 116709688
116234272 116275152
116234607 116306832
116257996 116295896
116260496 116354893
116277963 116287996
116283684 116307202
116291332 116304847
116320102 116395517
116372958 116404121
116432347 116479315
116464602 116522966
116472144 116656900
116475432 116669177
116498471 116923049
116533002 116543769
116533332 121608847
116628211 116658901
116652855 116657097
116658438 116714519
116662563 116970609
116688089 116823634
116698785 116718151
116721011 116728610
116740525 116766789
116741865 116749295
116752358 116754634
116756791 116824561
116861363 117031973
116893702 117071294
116896294 117817010
116915015 117291799
116953842 120180682
116974297 117646028
116978917 117017460
117009168 117018982
117011121 118164656
117012488 117562285
117013557 117204598
117028070 118030254
117031022 117881446
117070871 117074349
117071590 117360815
117084277 117821791
117085975 117208092
117088362 117127883
117112114 117117473
117114815 118033905
117116777 117129841
117122160 117122524
117122584 117163584
117165880 117751738
117179719 117702808
117189254 117381553
117197819 117355349
117200746 117792626
117211641 117485673
117215823 117369225
117233003 117422311
117252381 117679504
117274583 117353433
11729944 11743291
117324295 117326157
117340443 117359246
117347631 117652849
117365640 117365956
117366723 117378130
117400964 117541788
117437439 117437876
117439178 117625116
117473934 117579732
117532572 117544325
117533192 117571175
117537233 117720089
117541788 117570893
117698357 117739615
117737714 117741946
117810601 118190779
117835885 117852409
117864549 117960758
117868665 117869760
117892686 117903548
117988284 117990046
118021225 118076267
118030343 118087189
118063970 120352186
118074063 118076898
118076602 118217667
118155563 118157719
118176458 118241918
118178699 118192493
118189423 118324121
118221578 118238879
118253105 118260742
118273550 118486062
118296171 120148616
118300981 118321459
118303639 120192691
118336179 118354757
118349382 118353553
118410826 119054638
118417442 118528322
118539019 118542250
118542250 119007086
118558657 118579690
11856418 11955390
118568412 118573076
118572339 119173893
118578918 118667331
118593613 119124289
118597079 118658148
118601690 119188034
118622117 118899062
118626903 119174354
118640920 118671895
118665301 118691437
118665909 118695590
11872511 11878198
11876298 12203219
118810295 119112058
118861043 118862509
118894636 118913066
118895803 119271542
119001706 119075999
119009207 119112058
119034833 119059946
119076659 119080560
119076755 119082892
119183073 119206079
119188480 119198053
119216096 119384269
119255649 119301320
119260439 119411173
119273582 119352077
119281995 119444655
119302645 119350681
119321586 119337369
119349106 119492447
119363633 119387048
119371827 119431166
119388176 119453301
119428059 119447499
119441284 119448717
119441599 119687405
119457265 119458817
119458070 119683692
119458541 119769200
119458545 119769200
119458847 119636474
119478733 119519670
119524865 119713132
11953522 12027986
119577363 119589595
119589745 119756876
119616970 119624225
119707217 119739944
119715300 119747673
119722830 119752234
119736877 119908890
119747274 119907211
119765021 119773878
119789505 119976329
119810737 120432604
119920918 120088014
119925265 120169599
119934133 120192336
119939057 120251756
119947916 120074126
119950320 120074154
119976793 120059544
120033668 120040501
120063594 120120406
120131965 120226923
120134220 120207514
120137781 120165343
120138611 120186445
120139385 120194828
120169402 120176677
120221327 120364714
120242693 120294633
120246074 120291008
120248217 120294156
120248619 120290015
120281684 120298017
120286111 120548954
120296961 120466853
120308466 120661145
120332659 120641737
120337281 120503027
120357527 120364466
120378728 120382232
120380049 120407617
120390475 120414616
120407617 120481549
120418595 120437980
120434019 120462409
120442252 120481997
120504389 120543682
120512915 120651164
120523575 120651380
120530160 120644559
120545420 120565918
120554001 120554991
120631062 120651380
120644664 120655473
120662348 120720686
120670688 120710209
120676369 120676621
120676621 120696765
120726264 120775123
120729376 120794634
120751621 120967966
120757846 121001012
120812006 120822898
120840876 120859250
120863635 121025562
120867515 120869669
120893546 120914115
120899815 120917598
120933164 120946282
120958242 120960610
120960359 120993830
120971639 120975418
120980845 121035395
120991005 120991721
121005675 121016312
121021907 121203733
121022471 121027578
121047696 121090058
121049693 121060017
121062645 121089837
121064165 121446450
121085176 121520893
121097008 121116523
121118782 121120695
121119954 121127492
121121363 121256220
121128641 121246578
121134248 121138931
121183861 121286760
121191332 121279360
121199454 121234319
121215730 121221544
121223440 121234928
121227224 121270383
121242721 121258080
121250744 121338219
121267630 121326339
121270138 121299372
121328364 121372605
121369507 121392882
121373143 121380457
121380711 121388640
121462362 121617517
121490030 121625091
121597761 121624898
121602752 121624250
121626649 121631502
121632366 121632913
121696722 121785030
121697989 121761040
121700426 121774148
12173896 12175078
121832075 121834181
121846755 121847037
12219673 34176858
12288973 12290703
12289222 12720990
12360985 12362633
12395426 12408029
12399134 12400791
12418079 12420668
12475825 12480421
12487407 12498823
12515038 12549971
12521007 12612537
12621779 12935319
12630852 12930770
12714516 14453382
12986675 12991690
13057941 14895385
13123376 13142862
13207076 13224455
13386687 13441042
13576502 13598983
13752537 14234235
13957807 13962143
14004756 15642851
14161321 14162411
14306554 14325072
14379001 14625427
14630706 15347619
14842632 14866111
14910362 14940868
14962946 29340405
15031165 15041703
15034382 15089127
15261295 15267734
15275730 16141653
15337833 16197199
15493113 15493518
15584847 15655290
15612146 16412367
15612428 15644899
15637009 15711489
15712011 15727357
15834385 15838404
15928494 15949380
15948429 16045094
15954295 15973545
16026969 16038044
16043698 16063446
16217288 16243635
16518315 16624390
16523562 16524576
16675793 17482116
16728520 16938010
16846169 16849523
16875762 17525535
17003258 19095752
17004751 17008643
17047496 19103310
17072870 21757731
17106112 17106547
17178341 18828455
17193905 17978707
17245775 17728956
17299806 17983553
17316778 17332798
17368381 17434870
17528525 17796188
17713554 17805593
17721479 17875105
17786914 17877565
17830736 19454100
17835249 19537851
17837684 50683888
17862838 19154797
17863220 20638895
17863538 19397649
17875930 17894829
17916633 17916959
17943463 19273315
17987657 50712295
17987848 50715175
18015137 19506843
18020288 18800649
18020878 19395934
18087674 19596114
18088420 19620372
18103046 18271010
18178526 18242955
18226314 18291043
18365761 18453278
18442353 18472069
18531415 19160022
18599899 18631203
18623039 18630232
18630232 18657518
18632059 18644384
18644939 18673281
18650491 18668114
18652711 18680871
18667616 18671098
18899544 19282231
18941781 18973489
18941781 19047315
19038696 19112359
19185408 19206978
19272994 19558548
19316688 19393428
19367801 19540539
19427749 19766768
19503291 19511909
19580910 19626869
19608737 21087420
19619650 19625647
19655534 19766317
19725084 49411350
19778516 49079846
19858661 19871324
19862350 19995302
19865100 20230690
19865862 19871084
19909009 19914315
19917865 19919717
19930598 50434397
19949671 20024737
19951370 20110131
19966290 19966607
19998794 28410940
20001333 20217538
20020537 51845288
20029852 50761232
20039082 20062375
20071785 52327298
20072167 20077334
20131667 52309703
20157304 54422380
20190273 20196991
20205369 20217913
20210851 20316104
20234000 20275627
20235242 20371161
20238706 20384415
20260229 20357985
20279347 20283399
20291935 20319916
20300170 20314635
20307672 20442164
20313812 20420301
20363085 20369791
20439838 20463458
20440719 20556136
20445778 22880063
20457426 20500122
20461612 20716618
20477399 20493123
20515053 48873364
20583692 48896377
20608248 46303263
20623321 48806495
20633681 22755925
20635692 48663510
20646103 22887133
20703706 20742064
20717514 21545810
20725915 22003185
20730106 20730404
20747481 20750137
20756731 20762112
20808249 20821888
20836660 21458038
20853560 21938738
20881160 21922250
20882768 21341011
20916486 20925708
20926721 21982641
21000306 21890108
21044088 21441063
21144764 21434841
21190412 21298694
21241163 22821129
21251240 22131853
21300085 21915288
21334717 21335069
21344074 21560930
21363081 48768367
21438262 21438601
21511955 22139619
21530243 22058429
21544938 21831341
21594873 21803191
21613109 21672934
21671913 21709272
21754345 48660362
21877244 22205443
21987421 21987707
22110437 22119176
22120323 22232244
22133236 22146850
22176426 48063342
22327800 22332763
22442160 22668847
22452508 22614126
22464592 22497179
22499475 22516041
22512490 22629742
22548959 22585085
22558626 22620157
22584045 23011661
22585482 22592026
22591477 22591857
22653734 45995621
22663343 45939680
22674664 22691342
22688506 22705484
22757374 22757649
22864146 22906161
22868743 22891425
22892611 22915587
22899362 23080567
22900441 22952584
22915587 48851644
22942528 45934231
22998734 45928915
23008247 23330102
23010009 23240060
23018291 45890451
23021326 23238172
23026117 23108592
23068635 24133740
23085008 45934597
23087888 23238376
23090812 45873504
23120780 45882086
23138354 23347593
23160547 23166760
23163429 23568668
23163684 23181745
23165280 23563669
23173708 23582064
23201625 23205572
23265185 23508799
23277781 23344331
23318882 23412191
23322718 86737279
23459040 23466407
23494107 23574669
23559447 23563904
23577266 45763144
23579245 23598537
23579397 45749221
23587742 45754379
23588603 44808870
23606178 45701874
23608676 36024062
23719289 23724393
23731684 23787099
23740402 23758715
23759324 24788350
23804915 43636919
23809310 23814363
23820385 23823327
23832228 23864465
23851466 24815048
23855800 43385889
23861756 30756828
23873716 23887614
23898847 42693324
23952663 95905526
23972805 23978335
23995650 41047387
24008464 24032383
24017420 43597375
24039476 24060724
24047897 42817501
24109300 25664335
24141251 24177162
24182248 24191099
24250576 24257283
24254225 25630141
24265266 24267973
24276785 29183092
24278030 25702040
24313671 25331459
24314951 24316467
24331288 24427126
24367554 24970283
24376328 24382220
24440795 28877167
24597789 40058703
24609622 24720932
24611371 24740369
24625944 24932903
24666748 25865562
24724068 25037677
24726254 25027610
24726953 25761150
24737441 25094694
24770128 41041454
24772392 24782927
24827958 24847625
24884928 43089801
24915763 25713612
24928864 25735312
24965623 25102387
25183373 25187939
25184227 28996756
25186560 26281379
25259231 28307823
25265348 25443216
25273647 25723901
25278156 25287799
25287799 25663731
25296373 43048095
25310616 25454607
25316214 29159308
25331309 26421352
25366589 26392717
25394635 25397637
25397308 25397619
25399312 28889499
25452145 25465930
25459125 25576669
25482932 25665774
25506229 26402413
25537203 43091129
25547225 27079560
25552735 25554750
25615293 27675679
25687009 27141146
25695806 29041735
25906478 25908614
26014914 26059989
26023087 26035940
26024649 28785031
26029767 26125622
26035052 26044463
26037244 26197974
26039893 26083125
26043838 26162779
26055926 26117701
26057350 26514130
26058001 26513626
26073152 26186846
26081091 26595675
26111517 26117414
26114765 26118786
26147431 26200766
26148030 26200766
26234985 26238894
26244123 33083138
26256725 29043530
26264288 28904091
26293930 27010773
26356978 28815161
26458489 26992863
26472371 26969066
26484877 26973253
26501981 28942490
26550240 26986422
26589615 26655786
26591511 26598139
26678616 26892682
26762818 26765667
26827149 27001180
26987999 28939834
27029355 27049276
27056892 40058453
27106027 28523233
27106754 28525596
27109503 27127407
27110418 28078025
27157018 28536633
27184892 28424799
27186451 28434848
27193218 27625415
27204406 28279600
27204876 28360725
27206479 27229901
27217295 28250876
27240841 27547215
27268399 42879592
27271454 27276833
27321388 27324903
27351473 43286410
27450309 33468363
27529041 42444919
27558157 42560235
27647360 28269203
27722676 27738383
27776196 28001190
27818015 27824309
27924227 27975913
27959165 27975434
28004388 28024824
28058075 28062495
28097331 28453365
28362325 28464321
28440030 28524327
28465854 28501331
28489453 42508556
28506349 28554694
28515325 28551017
28569661 28581246
28570817 28608516
28594602 28598806
28613983 28907555
28620126 28806618
28620330 28799760
28749753 29104535
28774747 41722193
28807623 28807917
28922721 28991318
28991966 41608908
29070098 29131096
29070098 29131097
29071179 29118540
29093133 29193439
29107176 29140517
29144417 29150812
29151800 31833517
29152163 31599771
29154470 29874018
29154728 29749003
29163264 29174395
29171475 29567952
29173050 29808423
29184274 29346126
29188803 29812922
29201859 30053301
29222515 29226121
29227165 29234854
29270500 29550352
29311237 29475914
29313496 29458681
29315606 29322529
29353515 29800123
29364099 29369991
29388397 29395351
29395033 29411913
29402351 29404715
29403932 29793709
29406246 29417501
29408434 29620035
29411913 29432938
29432212 29530842
29480646 29506281
29519231 29522696
29529948 29580161
29538589 53119252
29550595 29815597
29559427 29603498
29613340 29800123
29620424 29620934
29644014 29751016
29659145 29736869
29685783 29689802
29735446 29735806
29743029 29745381
29755467 29773891
29758883 30049816
29760627 29828067
29796619 44163158
29802076 29804153
29816374 30198107
29873132 29875501
29892625 30108905
29927682 30031273
29948466 29950241
30107987 30108259
30130541 30653657
30132624 30653591
30139395 30757332
30148608 30175282
30148723 30154821
30181878 30190841
30199652 30257282
30230086 30259507
30237412 33386761
30242174 32189884
30262101 30276048
30272839 30715899
30275084 33351798
30296091 30335923
30315364 33441362
30329491 30331463
30336177 30623950
30350360 33375984
30351567 30891420
30359992 30650154
30370796 33491981
30393503 30397247
30396170 30514755
30443157 30543941
30444366 30464490
30444416 34780027
30467271 35812748
30475178 30480633
30493475 33477587
30536276 30540555
30550963 33641766
30572780 30920663
30574864 30974325
30585644 30974612
30655955 31723844
30661400 31721429
30661916 30669204
30682088 30694662
30690044 30770804
30710843 31445489
30712708 30782446
30725657 30734245
30755653 30757210
30772522 30776909
30847109 63068168
30855473 32004652
30885677 31042941
30889322 117822683
30901668 31042350
30902356 31916127
30911930 31937481
30913177 31918520
30923287 31854006
30953838 31172866
30960558 31919848
31115667 31162349
31123168 84598020
31147585 31194541
31162789 32060995
31221124 31271282
31225506 31498188
31327588 31365584
31388591 31700651
31404342 31591050
31414794 31443948
31440321 31727594
31461936 31615358
31596262 31615254
31596327 31609808
31619854 38373707
31644291 31647250
31707520 31710657
31813402 35541156
3184929 3185467
31898628 53254451
31919890 31923376
31954726 32257439
31958253 31972390
31960200 32244237
31969999 31971003
32014327 32023743
32022935 32150849
32026247 32067341
32030572 32153865
32031562 32107696
32112125 32195553
32137505 32250103
32162606 32174137
32198802 32202545
32239246 32278010
3223927 3224207
32256640 32306293
32275086 32679390
32289409 32460366
32289625 32725158
32303311 32310650
32305746 32333307
32318791 32319007
32319321 32382193
32361472 32362943
32395071 32397692
32397544 32670884
3241209 3322468
32412819 32928580
32420507 33276539
32453417 32468585
32477778 32486720
32523982 32528484
32561444 33139192
32582467 33268499
32591041 60288758
32612791 60279725
32646221 32670884
32687858 32697860
3269438 3340578
32701403 32837280
32733260 32747727
32734794 32735587
32736082 33281297
32743111 32773085
32748247 32773085
32759982 60350654
32777910 32899196
32789532 59787783
3279254 14164590
32817060 32906409
32883949 33115453
3289127 3289438
32915716 33291755
3292063 3404594
32976849 32980244
32980075 33253912
32995605 33323655
3302576 3371906
33057276 33080669
33071387 33071721
33074018 69816737
33099617 33271327
33101099 33323085
33112182 33244317
33133761 60144531
33137555 33143478
33138737 60273887
33140019 33222918
33162136 33174842
3317005 7747223
33172140 33239880
33182394 33186470
33197789 33203733
33203335 33206347
33248425 58050954
33257839 33263933
33268968 60488398
3329267 3329744
33297215 33304781
33340024 33613939
33370898 33429660
33425403 33573283
33430796 59249419
33440521 33533307
33467045 84270958
33471960 33483911
3351209 3422959
33533214 84261255
33541225 33544599
33546842 33594543
33580168 33614933
33616034 33621069
33625666 33631357
33632879 34459365
33656037 33742266
33656818 84491091
33711852 35563640
33719989 35538784
33735905 34239513
33750818 35571620
33807252 34248239
33840473 34087312
33850176 43713988
33860479 33989603
33865039 33917308
33885859 44342354
33885956 35558075
33944784 33981518
33951460 34082437
33963597 43546642
33976294 44154867
34006593 36045847
3401829 69429375
34047276 44034249
34062397 44282888
34082437 44329705
34109907 36132440
34115921 35731219
34123780 34451907
34124799 43827005
34144986 36093280
34153365 34209610
34156075 43832703
34184493 34186725
34199647 55728062
34222899 34435847
34236225 44337579
34253064 36083900
3425594 3428573
34258279 34419315
34261712 34374256
34268543 34539011
34290238 34298188
34294626 34320637
34306980 34314315
3432175 3475006
34341772 34456724
34355027 35606758
34373335 84352798
34385654 34388084
34399494 37067155
34401787 34509936
34448055 34473218
3447610 3467147
34481343 57337305
34490426 35721679
3453856 3455113
3459748 13844009
34705549 34783295
3473665 3533594
34758113 34768231
34778533 84350851
34779683 35675588
34788062 34798327
34825802 34906085
34909608 58193579
34926044 34928230
34952796 56868714
34959435 58279036
35001754 36992507
35029409 56656600
35067373 56647586
35141639 35887444
35153441 35256629
35224236 38503230
35234856 36254560
35244780 36769056
35287164 35556335
35298056 35304274
35357064 35369723
35368196 35375161
35372516 35374082
35385309 36015894
3539966 11883085
35481420 35488062
35556680 35558622
35590822 35591021
35620906 35648469
35732524 57321570
35745749 57371031
35827317 35950106
35862032 35867786
35880576 55807018
35881527 55796246
35964215 35964608
35968589 35995497
35972834 35979838
35975700 55826921
35983291 35993824
35988996 55842029
36008797 36013347
36033012 36039017
36060447 36157234
36085710 36920590
36165719 37186968
36169794 36963323
36170342 36533384
36171234 36892551
36189614 37014503
36198935 37971303
36209096 37817733
36287882 57042621
36289742 36290275
36300099 36304437
36318297 81758118
36325253 36327299
36328502 36332844
36373501 44785155
36442988 36445232
36451578 36456720
3645249 3860258
3648999 11905499
3650589 11911389
36565291 57405509
36581498 36615028
36616171 37809681
36619904 36624978
36621705 37041551
36652579 36657511
36682085 37216587
36685716 73966619
36706492 38281314
36722833 37809237
36785544 38108457
36816261 73353830
36820266 38356967
36877010 37136708
36913768 37094675
36954721 57042755
36957020 57028663
3697755 3701195
36992910 57026863
3707694 3732002
37080104 37085446
37194842 37202826
37205018 37747846
37223059 38147924
3728142 10341605
37322622 37552208
37330160 37547549
37345003 38635452
37351823 37521095
3736496 3839625
37371043 37446947
37375926 37699600
37386715 38476268
37427304 38312500
37432866 43881192
37478254 37601324
37508067 37578806
3754407 10435160
37548922 37600582
37550922 37734798
37555394 37572295
37601118 37607328
37610986 37684091
37656935 37687166
37667509 37675179
37682030 37705066
37694212 37695771
3769872 5146306
3772738 8117821
37746057 38151014
37794843 37973481
37912390 38139193
37920050 37920444
38093896 38111163
38122184 38132590
38141137 38143547
38220492 40573186
38287057 38292681
38325362 44012973
38354207 44667626
38359899 38437411
38384243 44549893
38411932 43867756
38416694 38440095
3845823 3879753
38466483 43911574
38496402 43945080
38504521 44029107
3851216 3855480
38581740 43846291
38645692 44142563
38681187 45519232
3869828 3872419
38715985 44148131
38801182 45091046
38824620 45291948
38974665 44957347
38976033 44980291
38976131 45397454
38994673 45086687
39034656 39056174
3903605 4025239
3915161 3963649
3915724 9546773
3915725 9546773
3919425 10465577
39308626 40364848
3935331 10207035
3939295 4115506
39439134 39982376
39478668 39522042
39544276 45208340
39634301 39639828
39724406 39734455
39728307 56069093
39813551 57617573
39839279 63063824
39940179 39953960
39947607 40146695
40145155 40163330
40182965 55901747
40281683 55636085
40372101 40398332
40408390 45205311
4044434 4055194
40581522 45147749
40583548 40589206
4059580 4071622
40620049 40920200
40692473 44474732
40766919 42657371
4093542 4117278
41040102 41051622
4112300 4129482
41203809 41207497
41452408 41467235
41533198 42415926
41600705 41621542
4160639 5475896
41610681 41625614
41622353 41627294
41673123 41676128
41697097 41715899
41697098 41715899
4171095 4195577
41782685 41830464
4184753 9112518
41897819 41905935
41901266 43182314
41924685 43022416
42019880 42228610
42076898 42085060
42116221 42119625
42118073 42124931
4217997 5026758
4220075 5079678
42225482 42234862
4235090 17500235
42443078 42457264
42514051 42582029
42565986 42602412
4257896 17170327
42593694 43327833
42628078 42646587
4267093 4344456
42723958 42738232
42724093 43565993
42755783 43310868
42758410 42808565
4275977 17722960
42840232 43201865
42840736 43203038
42939023 43143051
42945735 43154879
4295289 17790532
42996166 43075033
43109649 43750667
43114105 43763367
43196573 43196759
43210500 43331727
43239872 43240033
43367484 43606902
43377759 43611251
43389874 43492445
43408723 119014654
43425796 45630617
4348139 5295635
4348712 4427184
43527750 43578270
43565772 43585712
43569596 43573273
43578931 43650583
4362255 5380598
43625663 43668407
4366053 4934515
43714855 43723975
43779463 44039439
43789072 43798929
43803849 44054959
4394789 4776459
44043097 44285930
44059567 44061546
44157467 44267258
44241838 45751974
44248620 44406433
44270834 44325943
44358215 44371077
44368343 44369340
44390946 44546398
44397413 44616811
44406965 44660740
44409285 44524227
44475392 44867546
44484370 65819332
44494113 45589588
44568979 44595323
44731920 44776693
4474397 5037134
44785690 45168185
44819877 45711396
44863874 45067912
44867041 44868532
44870395 44889004
44879504 44944287
44946855 45083852
45087040 45390729
45174954 45177138
45224833 45231394
45269028 45827060
45334859 45749626
45684202 45801564
45704191 45738248
45740708 45749821
45832024 45839372
45856359 45907500
45857673 46057375
45898051 45898403
45908584 45996696
45919669 45943838
45940348 46199221
45953005 45978891
45967984 46019709
45985248 45996696
46028492 46055148
46055689 46062036
46059112 46090790
46119081 46126671
4612204 4719460
46322232 46507569
46405178 46767196
46554898 46557970
46632792 46868618
46635411 47594198
46714117 46716140
46798278 47560937
46799304 46807018
46882220 47741579
46885386 46887543
46933082 47458120
47024576 47259657
4703967 4814941
47059802 47242934
47089076 47089858
47132041 47767315
47138582 47154267
47296413 47351557
47473090 47679824
47482039 47685555
4749297 4837183
47516176 47579640
4770260 4989331
47791092 47793444
47872260 48190717
47896081 48142163
4791096 4890243
47911509 48596694
48015754 48118654
48024589 48053100
4804848 4807452
4811682 4987567
48141610 48750849
48180538 48495056
48183583 48183997
4820273 4823740
48236169 48330887
48271613 49095469
4834289 4943834
48357327 48382334
48386600 48389264
48477919 48711173
48478001 48488264
48492012 48536172
48657991 48756048
48672827 48685845
48788169 48903915
48818506 48842360
48839512 53327669
4885126 4920497
48851929 53323049
48882823 49163080
48928380 49173791
4902654 4913831
49109992 49163771
49231972 49240485
4936419 4941412
4945645 4985932
49656879 49658764
49675250 49680810
49681428 49681646
49705474 50050062
49715722 49728956
49718462 49927789
49736799 53657408
49762353 49770841
49765107 55057640
49772995 54886391
49799479 49863905
49800180 55087887
49804611 50376209
49805379 54294010
49835373 55410965
49835539 55118621
49835653 55117885
49841143 49864333
49842608 49845819
49911832 50534578
49921333 50349038
49926390 50342097
49952153 50283745
49953850 49963007
49957670 50306175
49979707 50011300
49981928 50369744
49988072 49992736
49994786 54738842
50001652 50081790
50021730 50348664
50028548 50059443
50042776 50069476
50051909 65269818
50103253 53617366
50105254 52345397
50117339 54268222
50137080 54318511
50140535 52181280
50145295 52181280
50160716 50183021
50185969 50186238
50193483 50206260
50201909 54748816
50202426 50208898
50204512 51842864
50307311 53165603
50329721 54262785
50337778 50365015
50347870 51580639
50356557 50356907
50496098 50591907
50534578 50696826
50552717 50631089
50575427 50641023
50596511 50636221
50629029 50631443
50629280 50898815
50681305 50694031
5078848 5172783
50881833 50899277
50894546 50894979
5091208 5106580
5094805 5177196
5099303 5194519
5103577 5121260
51039368 51059582
51051012 51059582
51080797 51089126
51090308 51995284
51094292 52006558
5114089 5127892
51150674 51234064
5124241 26278061
51272437 51279075
51367512 51493838
51395151 51397821
51415479 51511758
51526572 51551091
51540524 51541687
51547915 51639515
51560951 51642489
51604888 51857533
51605912 51998824
51607584 51631679
51649010 51650464
51720801 52281468
51738799 51826422
51748279 52096182
51766108 84195438
51779191 51867709
51818501 51876592
51826753 52159882
51834113 51843666
51871106 51933552
51907731 51919013
51956218 51958115
52049248 52050947
52115539 52195425
52118595 52118811
52135809 52138915
52141092 52181370
52143775 52332569
52146383 52342206
52146747 52336586
52172120 52366124
52234333 52397119
52250580 52250906
52288438 52293801
52309254 52310266
52406718 52951730
52408505 52871613
52439250 52761995
52451156 52645757
52451511 52455725
52487140 52993110
52504487 52900885
52508308 52698524
52509064 52899989
52510092 53764517
52513391 53064836
52514601 53764275
52658570 53078802
52660747 52685666
52674948 53466478
52709483 52894701
5272737 5425014
52761161 52862926
52799116 52801898
52805454 52897920
52864151 53009282
5289432 5588847
53037536 53046806
53074193 53566895
53097978 53102257
53119252 53410656
53150125 53173915
53157957 53319500
53223990 53278543
53258659 53390153
53261304 53263034
53283916 53295244
53352819 53389688
53356024 53373800
53364353 53369999
53367202 53373174
53371595 53457571
53384557 53395818
53407218 53424555
53419139 53767129
53432294 53436216
53432819 53881218
53465445 54117616
53466519 53466820
5348367 23359866
53484796 53668066
53493646 53672951
53546579 53647206
53580352 54313146
53599634 54350175
53652569 53659640
53655310 53669084
53655495 53754887
53665404 55028477
53665404 55028478
53686218 53704121
53690114 54510166
53716536 54518069
53721174 53976456
53759614 53759999
53781973 53974311
53804778 53835632
53811405 55468561
53884886 53889669
53887698 53889070
53907194 53912651
53958272 54449871
53991369 54023814
53994134 54322927
54007734 54414918
54068315 54082727
5414328 11214508
5416070 5416707
54163004 54209879
54170341 54217848
54231998 54233362
5427218 79593371
54310478 54427139
54436521 54525538
54472799 54880942
54542768 54667262
5455814 5467537
54569720 54573607
54574586 54986940
54588451 54593618
54615139 54809358
54615532 54624980
54627085 54688659
54671999 54688885
54681905 54684435
54704941 54878721
54708811 54719192
54721325 54758810
54721825 54897577
54721829 54897577
54722849 54779621
54775176 54847856
54793297 54797274
54796933 54798368
54797064 54886089
5482263 8568443
5483283 5502097
54859868 55425705
54885860 54897046
54887371 54912532
54887919 55028161
54894185 59824584
54930676 84160998
54943258 54953160
54978967 84092571
54979150 84134619
54979942 84167554
5498033 84256198
55000761 55011195
55050258 55111143
55091071 58191831
55169010 84210975
55170921 59861924
55177272 59187411
55212343 55494696
55256946 58342318
55257117 55329994
55280323 55298903
55282878 55334993
55334431 55504525
55336534 57946577
55344049 57946577
55352691 55493680
55375482 55463783
55389891 55393032
55426243 59186742
55455546 55461861
55479358 55494240
55510954 56434472
55516632 56428441
55532651 56414707
55535821 56479014
55540196 55823016
55560751 56392172
55564816 55933588
55695078 55858758
55759218 56963648
55862285 56101404
55892182 55892689
55966625 56598821
55978190 57698386
56002576 56149094
56012758 57054808
56063627 57099759
56076365 57108862
56123287 57224499
56266776 56273308
56342098 56502275
56380607 58352766
56388655 56471930
56391818 56788970
56413475 56421151
56463347 56865715
56478812 56489009
56501205 56508789
56513195 58289038
56551919 56552581
5655421 5662843
56599169 56712317
56634557 65147974
5665684 5776689
56670063 57079789
56673104 57080045
56709034 57531571
56712721 56726920
56743854 58430006
56752934 56753166
56826418 57470301
56828288 57298368
56934369 57390979
57023512 57042147
57029443 57393236
57134054 57799853
57180087 57230198
57268225 58359947
57323087 84251920
57323701 57324115
57382062 57391658
57478972 58410322
57502950 57681486
57518766 57780785
57576889 57886294
57585188 57591303
57590525 57806663
57780701 57792405
57815039 58104118
57820693 58375770
57830666 58126177
57841003 58538271
57850127 57852344
57863792 58244001
57877388 58652872
57912033 58322136
5792012 6108578
57922089 58616981
57927789 58142412
57995220 58323511
57996674 58004238
58004689 59006839
58005374 74266389
58005374 74266393
58010995 58015778
58016456 58375541
58018244 58885305
58066636 58072360
58100513 58306533
5811096 5846738
5811755 5816950
58124479 58136892
58126491 58321869
58144927 58148698
58152052 58152438
58163888 59198904
58183153 58225718
58184504 58185285
58184504 58207002
58191000 59247311
58220564 59063607
58258115 58345909
58264530 80835281
58269776 58284785
58274585 58275733
58274917 58290625
5827784 5928874
58328126 58364815
58337542 58397773
58349090 58350388
58387088 90980905
5845140 5962996
58496523 58500749
58577861 58682864
5860671 5866242
58651468 58662928
58693612 58749580
58766479 62975716
58774935 63003676
5891846 5897165
59007460 62980537
5905274 8480792
59057047 63163236
5906264 5953679
59104195 59132833
59116614 59119063
5913871 6014551
5914225 54239257
59216391 59218156
59234095 59256839
59257812 59304078
59260862 59319127
59261565 84288787
59267654 59280022
59269335 76985626
59269790 59352894
59270357 76985843
59284519 59315125
59298715 59883829
59313327 84204279
59352481 59356509
59398828 98382515
59400891 59485965
5941659 5941925
59444110 61537537
59452797 61541022
59454801 61731925
59466652 59487418
5947594 6017298
59505835 59734095
59511515 59614690
59554502 83956084
59556499 83991875
59573290 59675398
59590247 84076068
59594638 59622140
59597466 59722604
59622140 59646704
59674301 60004389
59677909 59972898
59705441 60351607
59726027 59726429
5973151 6229670
59746569 59748551
59767959 60531164
59783313 59811596
59818989 59819518
59820671 60324888
59837686 60062611
59847124 84242907
59858881 59889336
59888159 59891609
59889136 59892124
59891676 59941071
59905412 59915407
59924658 59981583
5993094 5994157
60033847 60053024
60047160 69496678
60065017 60252623
60126953 61288707
60127551 61246881
60147153 60283317
6015367 6015723
60157203 60301447
60276000 60423532
60281587 60285727
60301843 60999086
60303469 76927757
60306642 60321633
60319071 60741887
6034204 6215076
60350247 60366489
60361695 60802253
60374315 60377771
60378116 61058068
60378431 60446900
60378945 60408422
60383753 60526133
60393784 60519547
60394083 60398385
6039510 6040995
6039953 6195458
6039953 6094292
60407836 60408161
60409139 60419410
6041161 6046826
60415017 60752462
60493753 60495627
60501647 60746052
60539421 60541183
60739293 60745399
60777805 70692929
60778541 60781769
60818159 61169422
60826604 85906648
60828077 60843039
60829420 85905557
60847551 86091742
60865434 61121023
60886588 60939023
60896790 69382532
60903105 61151380
60908099 61463357
60910368 60980566
60916561 97804373
60928800 61099424
60931176 97773317
60942894 61106063
60963593 61083152
60992892 113616698
61002876 61050919
61002876 61005304
61007485 61044930
61011117 85913543
61018631 69294671
61018956 69296017
61018958 69296017
61023156 61089971
61039154 61045853
61052856 85922969
61059748 69402145
61060263 69439083
61073356 85959621
61086018 97855569
61137800 97637576
61151380 76487449
61171368 61333872
61189548 61412145
61190978 61213259
61238091 97820771
61253146 97826469
61253517 61310620
6128328 6152078
61337213 61576344
61493642 83957953
61508868 97456466
61571220 86534062
61588205 61590129
61590916 61643339
61605526 61610534
61630347 62391712
61670936 61742407
61681974 72911654
61724246 61724533
61761371 86529500
61773400 97612769
61786068 86437201
61786249 61807283
61793409 62557107
61795982 76151738
61801847 61811601
61818119 76367469
61832671 101635070
61912540 62022136
61912540 87100094
61916894 117602473
62035544 87267272
62127116 62193916
62153116 62267025
62156260 87286463
62168524 62369833
62175183 62279934
62224389 62229401
62261726 75775221
62262807 75951740
62263207 75660415
62286448 87177173
62342351 72984996
62369557 62577952
62372989 100700913
62428102 62429237
62476405 62479735
6247927 6249169
62526110 62688949
62537435 117611260
62564450 62575393
62564644 63996830
62572254 62595231
62583049 63996623
62588579 62841885
62597734 62891239
62608250 62627689
62617189 62792758
62620426 62700818
62622340 63818084
62676134 62715796
62729744 62870381
62734561 62869343
62750398 64163411
62824054 112747196
62929427 63924740
6295622 6300412
63063108 63137955
63148158 64120912
63219483 63238773
63227182 64099957
63257997 83458493
63262202 64226822
63267972 63953931
6328687 6365091
63308566 63326399
63350451 63840523
63362569 63379873
63479776 63499762
63492176 63630522
63531392 64194145
63561227 64907861
63587355 63594827
63605458 63613838
63644043 63842244
63645074 63656170
63657982 63695425
63692961 63693324
6370700 32390539
63715128 63723155
63752955 63864662
63775141 63798116
63780544 63830160
63792165 64115837
63838772 64912009
63855928 63857153
63917165 64224336
63939124 63940992
64028914 64036579
6410367 6598876
6410368 6598876
64285528 64861872
64296478 64384893
64308387 64314902
64309420 64829222
64310304 64382843
64333863 64377508
64350072 64358735
64489612 64494347
64504595 64510857
64574714 64643904
6458648 25923831
6467872 6690344
64756661 64968874
64842532 82796216
64864579 64867276
64916461 64945186
65007779 65102200
65056209 65080271
65068778 81816967
65069846 65644821
65074128 65647794
6508433 6543939
65090343 83634126
65149509 65165598
65149509 65165599
65153734 81852252
65193471 65200978
65233105 65244326
65270314 65628000
65316096 65338908
65324457 65328729
6538609 6604352
65428016 65428859
65436296 80734765
65442491 65768290
65469804 81625692
65506894 65570605
65512627 65544154
65513032 65784717
65546233 81986905
65597790 80762349
65702566 65728597
65707065 65741701
65709895 65718575
65714898 111499803
65845721 76762530
65864182 82317667
65874052 66231089
65926126 76814602
65929139 82672282
65929141 82672282
65931944 82686334
65964332 82672133
65972368 82671548
65988949 80809206
66086189 81178803
66132072 66825823
66138091 66239487
66179870 82265676
66219237 66219500
66223104 66323593
66232223 66236276
6626090 6769085
66277907 66488580
66282207 67622784
6631949 6635451
66323969 80160228
66378692 67959082
66419603 66425445
66420505 67699249
66535376 66550800
66564504 66565746
66571995 80910379
66734348 100015534
66805144 66805521
66875694 67085352
66882520 67000757
66883595 81360110
66884188 66886872
66887876 67002688
66897217 66898157
66907573 67026149
66914054 67108793
66916274 66925622
66927050 66930598
66986788 66995839
67037031 67048601
6709631 6738346
67100658 81466298
67104331 67283851
67156214 67320575
67159239 67165708
67224076 67395556
67240826 67255121
67246046 67386228
67292706 81291423
67302105 67317026
67316528 81504448
67321491 90985264
6736568 6762104
67501173 81509982
67634729 67644584
67653160 67914684
67787910 67790182
6781807 6784018
67824995 67855112
6784260 6790217
67896472 82241757
6789863 6910001
67906572 83190877
67910918 67914453
67930378 67931243
67931282 82389376
67934388 67965347
67945572 80112894
67981887 82745342
68040014 68044433
68047245 68152605
68060247 68077396
68064051 68071028
68067816 68077181
68074586 68170210
68096823 68100789
68097854 68147930
68144996 68153985
68145848 69067770
68165959 68190259
68182012 68218039
68184889 68216737
68205563 68467290
68211179 68238346
68341296 68344386
68364546 68367206
68373627 68375844
68385044 68482008
68435073 68450153
68461235 68490968
68510732 76824845
68570571 82279542
68573442 82628454
68600224 68688124
68620020 78778642
68622479 68818900
68686277 82657899
68706836 68844632
68728800 68823137
68744549 80239060
68763879 68871487
68765437 68771531
68769286 68883614
68788351 68802243
68806769 76789974
68843178 72592464
68877479 69211952
68902671 68930440
68905281 68907695
68914144 68917023
68924340 76942068
68939747 69087134
68946457 72596461
68951787 69029351
68965885 95352482
68978062 69656526
68978567 69079728
68996892 69004926
68997630 68998017
69005607 69737383
69019064 98232333
69038943 69221561
69040077 69102726
69047339 69056165
69056947 71324694
69057636 98664982
69086976 98252874
69115005 69458612
69142338 69460393
69146415 69538932
69147580 69413246
69155531 98189938
69158618 69220680
69171110 69639588
69185294 69225350
69192282 69469190
69203459 69487923
69218439 69475009
69220612 69473900
69260911 69261301
69288696 69355064
69299775 76634133
69302480 69351147
69314094 69348499
69337186 98118169
69352050 97865464
69419003 97809558
69465232 69468790
69531775 69711443
69547332 69679461
69564819 69815033
69568078 69713866
69568078 69713867
69568607 69572469
69615795 69892223
69630027 69686703
69674632 70713221
69680626 70210275
69699155 69934771
69701082 70155629
69710375 69923456
69715049 69716998
69826971 70025425
69855971 69864929
69866708 98056159
69872079 98057575
69892223 69896452
69903616 69920229
69905389 100204433
69909321 100203862
69915778 69917022
69946278 70197562
69947873 70069921
69967075 69990603
69980852 120499948
70014007 70126254
70017166 70105060
70018332 70089709
70048861 70349574
70097882 70116403
70122879 70341596
70130243 70360575
70136283 70332264
70145754 70649131
70177303 70195336
70191546 70464364
70236613 70714065
70277381 70285875
70306771 70725234
70310787 70369931
70336384 70368621
70341034 72815118
70375006 70421576
70383623 70433906
70415043 70440963
70416409 70491477
70423625 70465187
70430696 70462115
7043816 16436714
70444552 70758037
70459815 70553187
70466688 70498052
70541384 70548354
7055541 16450034
70576619 70597189
70605098 81775063
70633905 70673800
70633905 70634630
70671876 70675217
7070976 7073044
70714632 87121934
70729437 70730071
70759677 70760176
70764278 70839913
70768034 70902387
70804130 70823406
70826053 70826372
70839913 70844548
70840024 70891851
70931143 82678346
70953238 85116770
70961302 70986725
70993996 71024607
71000755 71001731
71096760 71517150
71097262 86082043
71097864 71519589
7111879 7339321
71156074 71559973
71164015 71526399
71261739 78536179
7127835 7823533
71372714 71914049
71408233 71489661
71418895 71569631
71463263 84787578
71464367 84962221
71500821 86128004
71522163 71830974
71557835 84715437
71558154 71606291
71578594 84949177
71605342 71703454
71612681 71698217
71639217 72243867
71665677 85799235
71685544 85770426
71794079 85980383
71798172 71946148
71817753 85850117
71939980 71942495
71950222 71970977
71988342 72071226
71996229 84595968
72030072 72093609
72045379 72700816
72063485 84961699
72063968 84965028
72079840 72234139
72081435 85619048
72081940 85733033
72082043 85559190
72084789 85632515
72110943 85460987
72116270 72118189
72125393 72563053
72126839 85539563
72137166 72415732
72142517 85645293
72157238 72204201
72166094 72600317
72180702 73121390
72204565 72245745
72210946 85717845
72268383 72302085
72281975 85168175
72289578 72460544
72305558 72487832
72334356 72434395
72336362 72337718
72342499 72347201
72361099 72394439
72376901 72381097
72394063 72508442
72398853 72433069
72398854 72433069
72400590 72575323
72403146 72437701
7240617 8693467
72430025 72536865
72431930 72503783
72434111 72495430
72478530 72526363
72507942 72520932
72509285 72562609
72517682 75191655
72527330 104288545
72551227 85796550
72560858 117786393
72576328 117920539
72589866 72622063
72627616 72675758
72640735 72674867
72647936 72648363
72728486 86793324
72777092 73013569
72780873 73029433
72783046 73013931
72791976 74338539
72810786 73017522
72815616 86509513
72822775 73115802
72850599 72929291
72859015 74912714
7289735 12000229
72939346 72964455
72984021 73341274
73043694 90628704
73069003 73245212
73086851 73183189
73093197 73094186
73129814 73382833
73145158 101294855
73152254 86652944
73156978 73167170
73173750 73178602
73178361 73225757
73187577 73194178
73246512 73386628
73247790 73247983
73284555 73462057
73324997 84838997
73327490 73331340
73373065 73832477
73388690 73391647
73397117 73452058
73429865 73508231
73443060 73483013
73448554 73486033
73478478 74262128
73559466 73926860
73599533 73603372
73685196 73695768
73764847 74419796
73789214 74438300
74109947 74383409
74156148 74159374
74246231 74345471
74289058 74289477
74471269 74658484
74478054 74569373
74489983 74497555
74492888 74825696
74503188 74854152
74523208 74524126
74561676 74825571
74567616 74664330
74599869 74701793
74625742 74660403
74640603 74735305
74662442 74675048
7467749 24780453
74703072 74706948
74708585 74825172
74728487 74753047
74737974 74739243
74739498 74831540
74742396 74746011
74818566 74819083
74875638 74878384
74912114 75465730
74927608 74945987
74929458 75104106
74944645 74987166
74952621 74971767
74953060 74957040
74958582 75040099
74972631 75176302
74989545 75252327
74992479 75020013
74997390 75256578
7504582 7507676
75061712 75152710
75094744 75095927
75095375 75126570
75101670 75125922
75155938 75158937
75207097 75220078
75214947 75393215
75231335 75231671
75297188 75362801
75355272 77718583
75366671 75440125
75448607 75655213
75460527 75486162
75488778 75501556
75490140 75657201
75497138 75530773
75506297 75572165
7554687 8377234
75558399 75565234
7557143 7946462
75580527 75792384
75612378 75617686
75622648 75666387
75625237 75699187
7562924 8386483
75648805 75660120
75694953 75853662
75741922 75744928
75751463 75755045
75793741 103120514
75824143 75828295
75847604 75851084
75931035 75940833
75939328 75942253
76029649 96878655
76064745 97370527
76085300 76141543
76086517 76223819
76089886 76918928
76092353 76153026
76099002 76108677
76115665 76133008
76116525 76123351
76117151 76135570
76126981 76173491
76140282 76149320
76156963 76196523
76158479 76195224
76178171 76198299
76195852 76235063
76238947 76241002
76242937 76400764
76264826 76405929
76284473 76299132
76304421 76308598
7630980 7637798
76319464 76873186
76334815 76338214
76354183 88667488
76365293 76521013
76370786 76373780
76371252 76546420
76372652 76387176
76375837 76387850
76385922 97378951
76438723 97261929
76455155 76483741
76456474 76465913
76476373 97878352
76477640 76597679
76514770 76571306
76530579 76572676
76537633 80308984
76540611 80299444
76542546 76750673
76545677 76670167
76546691 80307281
76562880 76570702
76600851 96688282
76603936 80415162
76634431 97801261
76634695 80415131
76658578 76738724
76697602 80082767
76723883 80066932
76734399 80784933
76750673 80319860
76750673 80319861
76768585 76769144
76773831 76781687
76792349 76797686
76804477 79681045
76812156 76854270
76822360 76877928
76824604 76888882
76939691 80374955
76939768 80199591
76959605 76993723
76999095 77113736
76999367 77035347
77000709 77073009
77020104 77076411
77035738 77040825
77060780 77067622
77069239 78497048
77087318 77117999
77115038 77169701
77134518 79186198
77175163 77175539
77185978 77896693
77228674 77242984
77244807 77301673
77257832 77261554
77301806 77367345
77304509 77588622
77333986 77566070
77384244 77424547
77392128 77490501
77394739 77463852
77442126 77886640
77442282 77575758
77524010 77524508
77527983 77577646
77553417 77583087
77560520 94304355
77567140 77585421
77577318 78003100
77597435 78037667
77614269 78156811
77623573 78044616
77640227 77838133
77645625 77669785
77656770 77832028
77688922 77866207
77691452 77896527
77709105 78148185
77735807 78120655
77736046 78121055
77736375 77736663
77742266 78399594
77775928 77776491
77818730 77872791
77829898 77835564
77832358 77835564
77833317 77849454
77860680 77892501
77862835 77864422
7787732 7788101
77887407 78079680
77900602 77963714
77912003 77913352
77915353 78251273
77919744 77925755
77927086 77953476
77939568 78166247
77941392 78173451
77975220 77979279
78004149 78009422
78020829 95436465
78021327 78486496
78033502 78045780
78058355 78074523
78061510 78062936
78083750 78089605
78087731 78094092
78105151 78129423
78110252 78118541
78114602 78360368
78119302 78348793
78123644 78125241
78138127 78554530
78138526 78560690
78147154 78337909
78158910 78159214
78163742 78210833
78175524 78233086
78184236 78232997
78189684 78235919
78202201 78281419
78208643 78210485
78210997 78228999
78216145 78324090
78216969 78224821
78219271 78264203
78223751 78290116
78229326 78263820
78263409 78280038
78266564 78280982
78268267 78311135
78270629 78272086
78273553 95411759
78284796 78289407
78289910 95411673
78290762 78300697
78303916 78415510
78305587 98787694
78316956 78354097
78356336 78398365
78360508 78362508
78362024 78379759
78365457 78371772
78371402 78380582
78380197 78387725
78398189 78517023
78409915 87615568
78434951 78436408
78437726 78440941
78439755 78449970
78441043 78441476
78441959 78449469
78449970 95354419
78480667 95470960
78553679 78573415
78569916 78625071
78584896 78587172
78590530 78963187
78600201 78942910
78602405 78935601
78620605 78624157
78680826 78705631
78687950 79069924
78688533 105675137
78688720 78730466
78689252 78710524
78701823 78706730
78707446 78711534
78717180 78922643
78748847 78949717
78769834 79118031
78791315 78811237
78816140 78828083
78820228 80272345
78826399 78827609
78837301 78841046
78844619 79224606
78846980 78850093
78868255 88596215
78871892 100480864
78912046 79091221
78917125 78951801
78952738 95906834
78976061 78979717
78976235 78987666
78999997 79008492
79023699 79078653
79039551 79268455
79050881 79222957
79061723 100477794
79062615 79527204
79071458 79168065
79072294 79213734
79085734 88112642
79091939 79170343
79144646 79264910
79147851 79263791
79159846 88022451
79161772 79184223
79164361 79177284
79166195 79316653
79180684 100399706
79185419 79206479
79230194 100492997
79264025 79264279
79274384 79320174
79277064 79311590
79298422 87578723
79313474 79432894
79334496 79404331
79340610 79347680
7937731 8371123
79381137 79447431
79464710 80449768
79477503 79491254
79484005 79512972
79499816 79500822
79499816 80572958
79500513 79504543
79506312 85340988
79521080 79530121
79541796 96089944
79564657 79796876
79565656 79926779
79576571 79933415
79576826 79923125
79589391 79785941
79592334 79705206
79606784 79988274
79622907 79796336
79653697 79660885
79671906 79719135
79696412 79863265
79699225 79723524
79701514 79701825
79705319 79882751
79757678 80584186
79776623 79953640
79783634 79804891
79802064 79804041
79804574 79805381
79820699 79862832
79854602 79856659
79857047 96086609
79890252 96087062
79895791 79896462
79906601 79906866
79908159 80524614
79953828 80529582
79970449 79973871
79976359 96526763
7998622 8017519
80001106 80004850
80014381 80061311
80014990 96445658
80057760 80059667
80076989 82299346
80087156 95642165
80090267 80093351
80093351 80246925
8011097 8024666
80175378 98562707
80180315 95587440
80198197 80376506
80231840 80375266
80231915 80234768
80249335 80465792
80274966 80319539
80276521 80287796
80285960 80314164
80288489 80330040
80305965 80418970
80332509 80353666
80372639 117823398
80412000 96579761
80428402 81439241
80432367 80786058
80450896 87440178
80552311 80556330
80609524 90908987
80636396 80801748
80769337 81755929
80840903 101693982
8087956 8970691
80881867 81589184
80896483 82212112
80899997 105287881
80906058 80906421
80912101 80922012
80912634 81033267
80942937 81133757
80967362 81086014
80967362 81086015
80968425 81000181
80975884 80989207
80988457 81146213
81010063 81034323
81053559 81056587
81069577 81082021
81078069 81119648
81145933 81342946
81206250 82523293
81266666 81268175
81267605 81416090
81298020 81340809
81363748 81480186
8137940 8171594
81417939 81421508
81485135 81544245
81544598 81544891
81655025 81708941
81664016 82493278
81762606 99079159
81765745 82106773
81782566 81825035
81815665 81855165
81827528 81913335
81844626 81912812
81887903 82206850
81895033 82138493
81902331 81948728
81979748 83738877
81983754 82005550
8200328 8210810
82083901 82607715
82093634 82218344
82166119 82166325
82319323 82320239
82319713 82320867
82319758 82319964
82320711 82332216
82363582 82368332
82413088 82530920
82459688 82465670
82585333 82592827
82614531 82802987
82626495 83189857
82709634 104328134
82730111 82837494
82734865 82805164
82749090 83381272
82762820 82780631
82767214 83196349
82768951 82910024
82771916 82928282
82783525 82785333
82783925 82838115
82794250 82806506
82808889 82815595
82844763 82921376
82884853 82887827
82895483 83425005
82902025 82904059
82909879 83396640
82970751 82974174
83062100 83080010
83207840 83372606
83301619 83766983
83303004 83343512
83312912 83797292
83327797 83343633
83340765 83495924
83346798 83771898
83381200 83865635
83387375 83387795
83477152 83675073
83530532 83799220
83571490 83573934
83624202 83924253
83634524 83646278
83636296 83739559
8371086 8385554
83716143 83720797
83716368 83716743
83805751 83808421
83812719 83930869
8382520 8681720
83885179 83893648
83907252 84877214
83929277 83938247
83971904 84073919
83976751 83982422
84015840 84019152
84036091 84054850
8414251 19074311
8414389 8414629
84179415 84184413
84195940 84197997
84244533 84271616
84299756 84379830
8435026 8848459
84359873 84369910
84455419 84475502
84458356 84514082
84486193 84535397
84497418 84761412
84514817 84517584
8456257 8506676
84618102 84627704
84666966 85254817
84718065 85029901
84728877 84961146
84736603 84736799
8477073 18876254
84787219 85677924
84794337 84909417
84818317 84923429
84859949 84915145
84870013 84877466
84908698 84917991
84930017 84938214
84954239 85016185
85019786 85023720
85041731 85319334
85072682 85284934
85076243 85113490
85088306 85280874
85096493 85261440
85101907 85281084
8529074 8786449
85380178 85382194
85381931 86139403
85397099 85536889
85419700 85463498
85505495 85579150
85525093 85566109
85528110 85529303
85558693 85563930
85559444 85573957
85559635 85575144
8558987 8569617
8568156 8745722
85691142 85692267
85718982 85731168
85734224 85773009
85749458 85754082
85757792 85785368
85784316 85820815
85861641 86376833
85895140 85956270
85963631 85963938
85972411 86163985
85977273 86127177
86021489 86246047
86045644 86051382
86051261 86070560
8606301 18988786
86142208 86157721
86209407 86210776
86214694 86215842
8626037 8626357
8628010 8635092
8628919 8701528
8634752 8782909
86431333 86434955
8643742 8867174
86445148 86452768
86459517 86539903
8650639 8776215
86517760 86871629
86520709 86582735
86569256 86835034
86576589 86912955
86586773 86836368
86614956 86870888
86667332 117686440
86693804 86696967
86725101 86828781
8676238 8779164
86767895 86864888
86775764 117716074
86776673 87002818
86838385 86843208
86839067 117728595
86842369 86864137
86876411 87068495
86911580 87011904
8693049 8693467
86995745 107126905
8709529 18883493
87136924 87155962
87184993 87186385
87232626 87233107
87232912 87244899
8725984 8851852
87288656 87306867
87311722 97386432
87312554 87357456
87319516 87355451
87385532 101331768
87393983 101329413
87402082 96783862
8741078 8863859
87429231 87442861
87436321 87515017
87457289 87493521
87458769 87611120
87459070 87605042
87465865 96208936
87467329 96355399
87487474 87496060
87508132 87508490
87527425 87806396
87529306 87542764
87552960 87614355
87553952 87614519
87556319 87599845
87557528 87618784
87559917 87687385
87598361 87624026
87607590 87619190
87630410 87746342
87642279 87723741
87666339 87795688
87678905 87785698
87730737 87777065
87750600 100687605
87807099 87878515
87844070 87844765
87863603 87865323
87884621 101733976
87893506 101157353
87895151 101244772
87901396 101158920
87907787 101166327
87937281 88383179
87938472 101233435
8794933 8863623
87950069 101735890
88023816 101043679
88065492 88195591
88094326 100814385
88095854 88212086
88107997 88155621
8814180 8831007
88144234 100620689
88151923 88152375
88160369 88529417
88160755 88515252
88201479 88220798
88212205 88214043
88257868 88269016
88259652 88262402
88291168 88302938
88297967 88333538
88302180 88314850
88319854 88491071
88390646 88392988
88392256 88410134
88396533 88400871
88407186 88449996
88427776 88471524
88465266 88803842
88467432 88474853
88508600 88869829
88516507 100523147
88532494 88612090
88553630 88589166
88568021 121302400
88588830 88644313
88625595 88666976
88627155 88714072
88671032 88673554
8867267 8871001
88689017 88742124
88710394 100583564
88710514 88867269
88712746 100586582
88731586 88735210
88741441 88744733
88773342 88774528
88785301 88807855
88786256 88884094
8879394 8880600
88806980 88812262
88811222 88845860
88812465 100556513
88816670 88971774
88832363 88841128
88837865 121131980
88881426 89519007
88926986 88940133
88943420 89022262
88948541 88978419
88950818 89064904
8896314 8905519
88963940 89968857
88975362 88988139
88981474 89047783
88991513 89119707
89059239 89091287
89086727 89474847
89093814 89112463
89097479 89161264
89109328 89252732
89123053 89136230
89133806 89922938
89162436 89337644
89163314 89486983
89164935 89713531
89166651 89335314
89172615 89230766
89210299 89359821
89226586 89256790
89228363 89231861
89242127 89726195
89249089 89949103
89249258 89724900
89282399 89295868
89418097 89468435
89418410 90415359
89437067 90411173
89466333 89512339
89494900 89582486
89529261 89656316
89563475 113217858
89610869 89754303
89626648 89636132
89646156 89650042
89724475 89735315
89802769 89812300
89900189 90477883
89927999 90371524
89929857 90267866
89939781 89948870
89944063 91495498
8996273 9117827
89969409 90136636
89982276 90076509
89984026 90114528
89987633 90060522
90091431 90116243
90123129 90167313
9020070 9020381
90230985 90630963
90463365 91347570
90471591 91390690
90473312 90492746
90485751 91484981
90567080 91380478
90606225 90688175
90718708 90793532
90723321 91604274
90748488 91314346
90749664 90750101
90800665 92308703
90837781 92288172
90939129 92025841
90949510 92474622
90984502 92366480
90984502 92439913
90984923 92462231
90989374 91696076
91040209 91873577
91087106 92870812
91099830 91113512
91111730 92577280
91146256 91165752
91223374 91659740
91245757 91697286
91258122 91266987
91327999 91661271
91337514 91533701
9139206 9197162
91412010 91423378
91413699 91426437
91414547 91552590
91465719 91471658
91525060 91534156
91532671 91553507
91558295 91581767
91601441 91620369
91764264 92582157
91867703 92442487
91895021 92463429
91895023 92463429
9192274 9213832
91998359 92141774
92006593 92150061
92346492 92572066
9234821 9239834
92417813 92785143
92458378 92570986
92471229 92543068
92508775 92584285
92523545 92656293
92552649 92741573
92577921 92712522
92582157 92741573
92753332 92753538
92760717 92941903
92761860 92764816
9280550 10425912
92806453 92949236
9297205 10206224
93022405 93023612
9303743 10432482
93094026 93514107
93104896 93126714
93105867 93664644
93132827 93138589
93184635 93211083
93368390 93423161
93383415 93407349
93399167 93404995
93434114 93732002
93498469 93502267
93516288 93619248
93523739 93526966
93536285 93573044
93547055 93549595
93549687 93567568
93624143 93638016
93639457 93829320
93647342 93663797
93654903 105668973
93655041 93667147
93693378 93750697
93694653 93697173
93696957 93699612
93737605 93738463
93785300 93810584
93850603 93860356
93879995 93888666
93888068 93898554
93921776 93922061
93923425 94709404
93926810 93992137
93937662 93941599
93940376 94052113
93962719 94590744
93964901 94020663
93965670 94580511
94000589 94381901
94010849 94011994
94030892 94051183
94050259 94075902
94072418 94094806
94137475 94176330
94181862 94221737
94212800 94271605
94218865 94226573
94254426 94256481
94288214 94643258
94293417 94300195
94304547 94306832
94322712 94615131
94332251 94386100
94339927 94358006
94344984 94357629
94351016 94398511
94363157 94388133
94381879 94387642
94384602 94414564
94397268 94705717
94420683 94477180
94429795 94446041
94445719 94493327
94450802 94875879
94451218 94466250
94459116 94461005
94463303 94673427
94464574 94467484
94465315 94664054
94500286 94503382
94541400 94551150
94551150 94664054
94573607 94615562
94685376 94689135
94733256 94815889
94776474 94791065
94782153 94852468
94787605 95054157
94802338 94829501
94810610 94812458
94883032 94910147
94917733 94924265
94937648 95051145
94954517 94996658
94962904 94983504
94976678 95016779
94980765 95048101
95005232 95018192
95006675 95089700
95009521 95088553
95019240 95110469
95022969 95042109
95030148 95096467
95048203 95106450
95119082 95144013
95133204 95230841
95147101 95216473
95147690 95262661
95151967 95415664
95155830 95229792
95171977 95297578
95172266 95190613
95185068 95336424
95193886 95517648
95199248 95230577
95203774 95289005
95210808 95479751
95232257 95329486
95259666 95269819
95270548 95454601
95320736 95323860
95335563 95488572
95336100 95611190
95347212 95380489
95365078 95389080
95365660 95498993
95372365 95375497
95373887 95491490
9542737 10190270
95429843 95545790
95476989 95506676
95487831 95488674
95531444 95609785
95539043 95542226
95562714 95613927
95576058 95625982
95620821 95621932
95620846 117174793
95621020 95676818
95622568 95783641
95697503 95699085
95700209 95709578
9579646 9587456
95800851 95836828
95804192 95807633
95807793 95852794
95875132 95908943
95888463 95920742
95891808 96028385
95907724 96068902
95923312 96030869
95941417 96018954
95953267 95955912
95969762 95972850
96024332 96032968
96108603 96395676
96109529 96297246
96139848 96274461
96147965 96272535
96201597 96208919
96253661 96303144
96273876 96316221
96274304 96277442
9628883 9629229
96382335 96393768
96438634 96539033
9645176 9652153
9645403 9647126
96507501 96510698
96649779 96667392
96652188 96773334
96684675 96766251
96801613 96806401
96808317 96865726
96816310 96851118
96817423 97439034
96825481 96835711
96841071 97252021
96857815 97093122
96884474 96919764
96930899 97297906
96945157 96948806
96951795 97122289
9696819 9697060
96980428 97535211
97029142 97072979
97033009 97195197
97055550 97265897
97058740 97059688
97066477 97164369
97070563 97085915
97072624 97183433
97077579 97592940
97079614 97093045
97085151 97088214
97121586 97128748
97124181 97506772
97133116 97137370
97146670 97210569
97157184 97666830
97168564 97171491
97168990 97188905
97170972 97172507
97182540 97186922
97187030 101310695
97194229 97214387
97243908 97549680
97245970 97597431
97283946 101350955
97285536 97415492
97296348 97399856
97307977 113835673
97320583 97416853
97390039 97406801
97393125 97462331
97393260 97410288
97399445 97558267
97399445 97410288
97426788 97539184
97428468 97506556
97452252 97452409
97500295 97525377
97524796 97526677
97540285 97546470
97601471 97631603
97614268 97825938
97631327 97737999
97644867 97759885
97701507 97710610
97716877 97735358
97753784 97821112
97767225 97905151
97778616 97905770
97779351 97896046
97811179 97840616
97826469 97834802
97836521 97841513
97930842 98146016
97958461 98007662
97996254 98015365
98007766 106838183
98013152 98093146
98016441 98091700
98017542 98026956
98059356 100918173
98067134 98101379
98067734 98072923
98131693 98147313
98165629 98190575
98220256 98518224
98233812 98497379
98254561 98284029
98284605 98308276
98299871 98323561
98300398 98311929
98339289 98437546
98358306 98389586
98379894 98383382
98384459 98396457
98407901 98408358
98408452 98408774
98414726 98528225
9843548 9985093
98444267 98649893
98600145 99039061
98649351 98933428
98677469 98774257
98686131 98794481
98699209 98711833
98757288 98931670
98781453 98876112
98781461 98876112
98822076 98901142
98830798 98861413
98841274 98845625
98859058 98859712
98868893 98895318
98901757 99034393
98908922 99054545
98916686 98919530
98925614 99027622
98938349 98961487
98947986 98948667
98958278 98962789
98972953 100061588
98973120 100022092
98980827 98981250
99004447 99008783
99014628 99245441
99032873 99033248
99063170 99064000
99092527 99101981
99095750 99115071
99112393 99115722
99200158 99209358
99201144 99349892
99207474 99214889
99217357 99249810
99228963 99242290
99243991 99292954
99264974 99277741
99320062 99353565
99343952 100017938
99467222 99693207
99489495 99489951
99492516 99777932
99548204 99574092
9957434 9962463
99602084 99602728
99605435 99613067
99619495 99638236
99622231 99639431
99769225 99773717
99786497 100129295
99813100 99881946
99861140 99970689
99870611 99949622
99986588 100186814
99987066 100029402
