4746027 4792365
5420601 5431073
6651665 6700795
13710598 14174352
13827115 66047315
14377436 65874608
14975746 14978795
15236212 68281368
15243242 68524463
16553165 19105583
23185437 55115159
25981621 50142237
26839812 27057995
30231720 32271695
32029366 32044591
35520144 35550206
39363594 39367732
40182420 41061406
40652580 40748012
65469263 65594340
66409908 66588235
69557303 102038065
69894724 97108454
70231876 97899295
72273198 72274551
73286674 101598296
75532562 75538316
75735389 78921276
75860083 76444621
76940688 87979457
78286056 85707551
84244211 84931674
85498826 146654543
86275895 86278658
86494720 86932185
87792147 87796929
88151189 96147312
88190108 145580633
88247689 145586853
88283296 145658465
90761976 90769415
95926087 96005809
101327082 101332227
103199361 103210647
108811240 137565394
109899489 109903241
112734536 114216917
114917075 142420534
115665950 115674743
116428790 116599232
116624910 116649951
119049756 143347953
126195629 126411024
126610673 128553338
126716051 126776568
134986767 134988567
135463356 135501465
136599334 143677386
138938833 139620786
139636160 139638375
139763682 139826313
140379774 141158668
142292998 142611363
146265133 146274911
146483939 146487239
147050326 147797348
