2811784 5654807
5624374 5627315
18696697 18700816
23162067 28076457
25612103 25664174
26237906 26242035
26609057 45203265
30296293 30315030
30558124 118883501
32272637 32274145
33721617 35549193
33829359 34282316
33936771 33962078
34045677 34526429
34300595 35832118
38059366 76142567
39367856 39369707
40071937 40076976
47140220 47174157
56737534 56741508
57348578 57462044
65463669 75056404
65793315 75787425
66160900 85570548
66523270 83800802
74929156 75321679
75029703 75765845
75686480 85036246
75857036 75875970
75990605 76012206
76143148 78736538
79840450 85758959
79905166 108559286
82372576 86264138
83345560 100822844
85699724 89833358
87623108 87735991
87943669 87973989
88627617 88632126
90571599 115069162
93109839 143378156
94396090 94398072
97921934 97928502
115590120 121221920
116397206 116473517
116582151 116633672
117612958 117739158
118538943 118583564
119094569 119098121
121990556 142968140
122169262 124876106
122303399 122322298
122365142 137127787
123287951 123295327
124601227 124607879
130490668 139276166
141343592 141345264
141344109 141346274
143630597 143687092
144652500 144667332
144889080 144893897
145590411 145607720
146039338 146042649
146095190 146136758
150406651 150471375
151777234 151804344
152810523 152871743
