5202315 5208141
5945413 37511556
6034071 100502751
6089067 6091806
6091805 6092837
6298599 44799260
6358787 78827300
6543701 33993191
6670721 6774764
6857205 10818874
6970876 11285785
7046618 7172177
7241349 10940146
7545247 7550959
7597064 99080538
7701729 99535580
7725538 20351122
7731103 7782739
7743209 20243412
7747721 11277771
8466900 34015761
8500608 39224133
8710117 87101139
8785185 63023925
8792937 63023926
8848480 42328055
8868000 39064599
8875290 39072755
8981342 59863511
9128488 39072755
9295360 56232339
9572847 9641393
9826229 55493872
10071265 10073533
10611154 10622308
10751884 10792671
10945805 10960201
10946373 19843479
10970632 11250708
11360713 11820133
11840423 20934239
11950617 11982797
11976026 39481132
12287395 57217540
12831804 13051138
12840962 12844658
13276146 13283028
13291893 50360530
13306430 13356355
13507016 56912384
13893377 22698307
13899827 15280705
14294147 54525057
14624143 47586473
14858860 57166418
15089208 35777987
15557743 47010921
15631366 15635114
15956683 57903901
15975845 58959355
16463139 58016054
16563864 56753424
16586491 16814868
16598946 39444506
16624407 39790110
16680904 16698249
16787705 100697972
17203429 20645279
17237351 20655158
17262139 57837891
17735261 51302982
17842924 35614371
17861553 23463739
18031454 21150385
18405519 18424190
18449523 18518255
18975442 38042846
18979288 36929103
18989594 58088298
19300710 19881386
19592935 57467445
19724398 55424819
19842730 53877256
19969449 47328747
19996285 82989977
21300309 21319697
21859280 59764161
22001248 35753985
22119663 41421088
22382043 50593001
23381525 68839955
33217953 33255072
33375492 50215989
33922907 50220352
34122254 34126530
34264405 39370260
34429298 39375177
34578457 58908660
34612619 34615784
34645794 39156072
34675125 42444451
35782792 35971007
35929438 35935358
36177428 37044615
36272190 36280735
37524715 38131685
37629963 38107923
37669749 38322215
37728120 43289722
37854043 37908881
38077197 38083086
38079363 43251328
38245011 58405947
38607358 63005473
38680513 38696495
38738047 39209713
38756142 53205424
38999388 59933099
39035859 39041395
39107775 49766988
39338135 97895220
39613984 40309353
39752581 39865254
39995865 53618992
40310105 96443165
40348421 99908388
40452627 72383040
40819023 105000407
40820669 58704938
41034922 105120517
41074924 44798898
41522498 42244053
41970028 42176947
42538391 97718111
42666761 83361415
43311881 60346479
43440809 47433709
43510098 46009313
43538517 89112733
43703943 68313792
43794482 61842988
43842861 49329380
44087276 56459233
44430856 46823297
45198444 98034340
45301264 59632911
45517309 156153757
45536473 46426915
45538972 45543465
45589246 45607952
45657782 45886560
45701175 50150534
45795433 45949189
45983226 45983418
45983417 50187459
46206664 46208812
46625980 46902248
46696557 70754012
46803670 46872887
46829912 50516317
47226274 79651500
47266160 48999020
47424179 59613748
47573980 79654434
48207507 48237315
48525732 69211489
48562430 79880841
48605634 87114117
48822657 54066463
48875289 49811450
48993328 72203708
49249049 49396268
49327604 69846350
49439900 78473571
49515270 78308386
49649139 79277887
50018814 100798726
50188404 97989169
50267961 71514497
50559331 50640610
50600410 50636183
50907565 51019034
51027005 51054389
52875289 55404315
53152162 58405058
53585323 72320877
53694349 53729477
53718143 53721351
53977654 53989279
54021386 59735335
54060082 54132001
54819081 63525518
55146373 56269884
55210934 55324608
55333805 55455996
55748225 55774812
55840779 55846934
55930551 74938689
56212075 56561825
56238912 58405920
56324957 56329718
56819147 57292203
57198317 57237069
57340136 57616410
57732889 57742715
58000211 58006022
58525430 98606694
59727074 61262375
60596670 69673579
60838943 60866151
60856927 82600762
60952854 62777067
61251386 79864431
62066262 86541672
62502925 94328547
62657756 62671326
62688357 86023600
63135981 64455098
63405248 86507878
63406384 63411840
63668485 84123226
63842843 89583468
64120711 64581036
64149917 64156471
64528315 83514891
64726972 97451624
64995179 74948958
65218777 76270746
65241145 66857404
65251468 65274506
65474820 93698798
65527697 81524919
65589301 81896033
65592386 81979937
65815323 86889576
65905547 65927604
66015145 115119099
66065659 76049684
66069760 79923399
66388576 66389061
66611109 69709036
66795679 82248972
66853775 76438654
67029618 68086386
67112890 67142699
67234796 76469784
67352534 82124785
67439007 73289846
67574861 74026714
68165824 83232032
68171597 83242083
68376301 68390303
68433774 70042940
68961838 69258954
69249916 69280334
69300610 69315842
69445112 85775792
69491210 86630832
69809617 96282529
69847650 71825229
70116796 79462252
70211151 79260590
70570197 97878808
70572889 97865818
70652521 70761509
70678113 156131318
70789616 70790333
70914580 70928487
71014215 103038548
71132752 92937553
71132751 98711888
71191524 71340127
71193079 101213029
71248835 71260386
71263587 71269659
71517742 71520321
71872055 105130852
72411848 75777815
72454182 72785385
72460149 100342188
72564000 74811999
72772158 82848995
73549692 74999140
73646524 124932893
74178022 111320800
74271298 108225443
74471119 96109250
74524073 84659872
74717995 74718576
74815780 111586069
74869749 82805145
74884961 75084286
75327036 111305861
75837100 77183359
76240950 77839084
76241847 114875768
76378288 77853979
78029961 88268580
78338263 102033890
78542063 88912814
78568486 89129071
78598174 101242054
78987409 86319270
79885187 84033088
80166335 93540323
80558388 86785519
80562946 80567370
81569915 82436523
82317273 96119876
82412703 86932797
82724227 96813878
83099524 83114785
83158948 97697877
83331094 83333601
83399714 97538972
83660030 84500155
83695951 84453199
83943355 85373986
84056486 86289439
84202312 84332195
84279953 84282081
84531822 85250784
84647691 95592719
84694547 84698220
85040718 85083837
85101227 143323887
85332174 86716521
85332497 86757203
85569591 87148815
89059037 89061806
89401842 89443303
89537090 116980077
89654504 115635444
89794789 94674478
89798519 89810466
90184425 106139785
90619912 93105504
90751952 122719846
90893662 157041293
90940030 131534978
90959004 127342767
90988398 90988998
91269639 91293960
91428688 91482820
91443805 148353554
91570518 135248803
91595715 135261500
91653470 109533063
91657109 119086113
91662669 119085163
91749759 108879558
92113160 92381967
92319517 92321677
92325063 108647622
92396046 106189914
92469980 119824435
92510711 92539459
92562507 107897099
92808474 106201789
92816118 92883165
93308339 126833218
93417173 104081254
93749517 115043899
93859629 93965957
94204713 95629905
94864562 116363423
95474205 95487964
95629904 111576885
96326418 96907517
96796808 96799926
96889935 97480083
96928821 96943303
96984875 97005370
97986197 105973650
98083440 98087779
98142059 98584430
98745681 99134265
98791169 99418908
98922239 98972709
100477591 100561890
100530047 100578812
100599204 100688121
100875201 100878804
101004488 105924501
101456706 101567118
101533648 101661343
101545757 102287990
101602403 136116917
101688842 101780510
101766216 101785170
102545624 125218846
102559411 114295945
102604773 136629858
102609251 136412839
102653277 106017484
103090663 105343646
103238532 136428450
103277797 103335586
103279676 126003255
103404596 104329169
103695822 104147772
103761969 104161739
103800630 103804253
103958953 104492532
104268138 104369951
104377096 148663443
104499534 106160137
106699250 112511935
106705027 113017383
107083497 124994494
107096117 107752374
107119777 107745598
107158311 109214122
107289446 111165689
107351590 107457749
107372080 119665747
107480727 111677664
107542255 107795815
107694954 109667332
108274501 124867854
108490490 109084560
108555936 113128022
108563737 110381122
108614831 108654921
108783474 108809376
109075804 109864045
109116411 124689492
109140547 124643602
109410497 118084473
109471824 135141853
109785250 109798083
109951669 113005022
109989732 110139030
110058675 110287908
110572953 110578759
110685045 110754669
111552616 125063845
111602351 111643792
112081065 124786787
112164702 112605806
113326695 113414493
113586737 116662461
113635553 131424870
113817178 135471842
114658188 125155335
115580696 115610105
116422398 117422830
118252606 118423469
118430061 148502008
118534761 118566217
119217757 119219372
119368281 148765443
120005980 123845471
123073420 147602267
123813382 150908420
123813381 159726612
123871644 150741504
124233411 135658187
124243408 150980554
124613747 135171556
125266874 125943195
125608836 153227669
125923991 146636117
126469580 126477667
126514755 151630261
126971673 127096780
127023968 127170345
127060323 160371339
127078129 127088956
127376453 150224837
127499228 157144546
127539694 158278877
127582545 130807682
127661020 163644151
127794060 128357180
127822373 128001940
128405968 152148251
128485418 160590654
128805875 129936899
128817812 129946472
128916758 156894549
129192795 156635856
129500015 136952098
129893315 152837536
130387413 130388836
130842807 130885811
130868225 131496481
130871048 158285429
130918166 130941810
131091511 131122043
131360142 157407023
131464543 131492707
131484183 156948548
131492708 158284070
131511984 156948549
131619337 154169897
131805421 134181840
132296620 140561318
132748646 162328631
132762901 132767183
132813190 150326135
133162509 133373239
133165761 153358119
133440137 133484671
133573990 133855592
133941558 153268584
134211519 134692125
134427334 137829417
134596033 166019429
134675650 161126382
134740682 162702883
135382072 135419216
135790214 159573244
135842550 135849900
136227482 155883133
136361744 154615006
136363227 155027520
136541583 159368679
137038461 156339794
137073258 160353920
137101253 137103385
137107509 137108454
137161027 156340657
137450594 154548517
137613881 137615393
137757645 159503165
137827399 165458253
137859800 152227964
138589744 139571086
138889862 138960749
139020181 139566350
139380340 140021393
139428028 139469232
139490736 143680903
139512404 139924184
139553298 139970354
139990571 140015831
140414134 141399852
140787952 140796336
141067471 141085724
141704075 141983504
141706608 142005804
142166356 142420125
142201249 151645138
142210349 143074363
142756854 149923328
146743396 157354618
147022440 166343849
147047976 166295634
147142071 147480804
147597720 147602346
147634063 147635331
147671882 147809806
147735055 147759965
147736247 149212428
150741505 158195809
150788237 151645139
150805660 158949528
152318360 154861914
152497798 155184328
152662801 161030026
152678048 161039624
153517472 154945046
153749627 160035047
153929041 162850135
154042435 165048570
154102644 161350747
154146911 164963615
154173872 165171267
154182819 165631854
154194404 165575971
154284653 164514484
154362115 164876990
154540409 155069967
154707228 155422114
154722350 156811352
154814498 155295449
154935358 154940051
155412074 155653016
155470205 155615652
155541018 155600077
155817630 155825690
156083275 156194584
156677268 157179230
157268808 157271572
157329911 157334860
157348460 157352579
157368591 157393646
157841649 159716083
159166695 160745305
160434993 160611222
160719617 160721777
160726536 165048571
160996401 161227193
161016605 161471017
161017281 161469086
161159376 165376265
161730955 162480799
162199699 162213450
162211638 162215181
162480798 162483695
162690290 165410751
162703519 162712210
162762547 162916815
162964626 162966164
163231933 163253593
163312546 163322352
163913033 164155223
164622220 164842237
164640369 164822863
164657181 165332722
164666190 164885843
165268049 165268650
165354581 165359148
166044486 166058486
166251418 166367164
